Confidence,TPR,FPR
0,0.78745342413,0.701601347445
0.001,0.78745342413,0.701601347445
0.002,0.781703713221,0.644208555423
0.003,0.777174611332,0.610444037918
0.004,0.773769754593,0.586828257056
0.005,0.771167930104,0.569063027314
0.006,0.768662469485,0.552492804574
0.007,0.765996402416,0.539005251283
0.008,0.763780033406,0.526908455769
0.009,0.761884877297,0.515496107513
0.01,0.760086085057,0.506207699271
0.011,0.758480020558,0.497836448701
0.012,0.757195168958,0.48995463383
0.013,0.755589104458,0.482669331759
0.014,0.753983039959,0.476481157284
0.015,0.752537581909,0.471065516437
0.016,0.75118848773,0.465955991604
0.017,0.75003212129,0.460878272064
0.018,0.74861878453,0.455862501205
0.019,0.747333932931,0.451505342322
0.02,0.746049081331,0.447750202519
0.021,0.744732108441,0.443055865506
0.022,0.743575742002,0.438502941545
0.023,0.742644224592,0.434589464651
0.024,0.741263009122,0.430706556334
0.025,0.739946036233,0.427266428883
0.026,0.739046640113,0.423465825338
0.027,0.738018758833,0.419739894185
0.028,0.736830271104,0.416351606805
0.029,0.735898753694,0.413111287338
0.03,0.734549659514,0.410287113169
0.031,0.733457535655,0.407332030099
0.032,0.732397533085,0.404638133973
0.033,0.731755107285,0.40168508886
0.034,0.730919953745,0.399215622191
0.035,0.729763587306,0.396614069691
0.036,0.729056918926,0.394363095893
0.037,0.728157522806,0.39192740753
0.038,0.727450854426,0.389519043647
0.039,0.726808428626,0.386791134464
0.04,0.726037517667,0.384423168712
0.041,0.725138121547,0.382141345747
0.042,0.724527817037,0.380172780059
0.043,0.723467814467,0.378133803819
0.044,0.722761146088,0.375993140897
0.045,0.722086598998,0.374092669631
0.046,0.721379930618,0.371836993487
0.047,0.720641140948,0.370009258188
0.048,0.719966593858,0.367763310858
0.049,0.719195682899,0.365504758568
0.05,0.718264165489,0.363812203271
0.051,0.717268405499,0.361864955554
0.052,0.716208402929,0.360130042855
0.053,0.71521264294,0.357842846113
0.054,0.71431324682,0.355916030534
0.055,0.71383142747,0.354108072527
0.056,0.71280354619,0.352193509615
0.057,0.712096877811,0.350402605627
0.058,0.711036875241,0.348723848739
0.059,0.710458692021,0.347134048176
0.06,0.709655659771,0.345505532356
0.061,0.708724142362,0.343678266459
0.062,0.707728382372,0.341947577052
0.063,0.707182320442,0.340391431654
0.064,0.706475652062,0.338807447269
0.065,0.705512013362,0.337347154118
0.066,0.704837466273,0.335451713396
0.067,0.704195040473,0.333916684896
0.068,0.703681099833,0.332277885761
0.069,0.703135037903,0.330565776646
0.07,0.702332005653,0.328925359003
0.071,0.701657458564,0.327338926706
0.072,0.700950790184,0.326094548687
0.073,0.699987151484,0.32485192026
0.074,0.699441089554,0.323443937023
0.075,0.698830785044,0.322233606557
0.076,0.697770782475,0.320713482243
0.077,0.696999871515,0.319277885235
0.078,0.696196839265,0.318142150684
0.079,0.695361685725,0.317012313675
0.08,0.694751381215,0.31559961001
0.081,0.693948348966,0.314231696982
0.082,0.693209559296,0.313214822561
0.083,0.692470769626,0.311842407159
0.084,0.691539252216,0.310401525864
0.085,0.690961068997,0.308778411902
0.086,0.690190158037,0.30776862784
0.087,0.689322883207,0.306360107495
0.088,0.688423487087,0.305441000399
0.089,0.687491969678,0.304212949064
0.09,0.686721058718,0.303010033445
0.091,0.685853783888,0.301931719096
0.092,0.685371964538,0.301041666667
0.093,0.684440447128,0.299730367374
0.094,0.683412565849,0.298708761493
0.095,0.682416805859,0.297759853594
0.096,0.681870743929,0.296729051323
0.097,0.681099832969,0.295555933935
0.098,0.68032892201,0.294320549162
0.099,0.67959013234,0.293255734338
0.1,0.67862649364,0.292294491162
0.101,0.67775921881,0.291470254275
0.102,0.67685982269,0.290260233313
0.103,0.675510728511,0.289092797784
0.104,0.674675574971,0.287788274521
0.105,0.673647693691,0.286485733199
0.106,0.672780418862,0.285145193417
0.107,0.671688295002,0.28358994143
0.108,0.670339200822,0.28253298153
0.109,0.669311319543,0.281495854648
0.11,0.668379802133,0.280096279778
0.111,0.667319799563,0.279034262382
0.112,0.666324039573,0.277941961901
0.113,0.665360400874,0.276708218738
0.114,0.664300398304,0.27534673691
0.115,0.663208274444,0.274543625126
0.116,0.662148271875,0.273490719048
0.117,0.661056148015,0.272240705916
0.118,0.659835538995,0.270968678547
0.119,0.658904021586,0.269968341763
0.12,0.657747655146,0.269004780847
0.121,0.656944622896,0.268000878092
0.122,0.655756135166,0.266659323714
0.123,0.654824617757,0.265969973506
0.124,0.653668251317,0.264605953172
0.125,0.652479763587,0.262955000371
0.126,0.651034305538,0.261783415796
0.127,0.650134909418,0.260457479757
0.128,0.648946421688,0.259256486092
0.129,0.647629448799,0.258197798896
0.13,0.646440961069,0.257159005275
0.131,0.645316715919,0.255578246729
0.132,0.64393550045,0.25434601078
0.133,0.64274701272,0.253132259416
0.134,0.64165488886,0.252129406822
0.135,0.639920339201,0.25123624794
0.136,0.638603366311,0.250298065459
0.137,0.637382757292,0.249044807225
0.138,0.636290633432,0.247948281202
0.139,0.635134266992,0.247020458869
0.14,0.633881536683,0.246242504478
0.141,0.632660927663,0.245323544343
0.142,0.631600925093,0.244093562669
0.143,0.630605165103,0.243014893701
0.144,0.629705768984,0.241951373291
0.145,0.628485159964,0.24087908613
0.146,0.627393036104,0.240020612835
0.147,0.626043941925,0.239174519862
0.148,0.624598483875,0.238199736664
0.149,0.623249389695,0.237239280996
0.15,0.621964538096,0.236080983369
0.151,0.620390594886,0.235234831687
0.152,0.618880894257,0.234325701804
0.153,0.617788770397,0.233334685763
0.154,0.616182705897,0.232323232323
0.155,0.614897854298,0.231168512691
0.156,0.613452396248,0.230024610336
0.157,0.612263908519,0.229028674867
0.158,0.611011178209,0.228045559591
0.159,0.610079660799,0.226907796722
0.16,0.60856996017,0.225919003115
0.161,0.60734935115,0.225087485419
0.162,0.60600025697,0.22423305191
0.163,0.604554798921,0.223252107537
0.164,0.603430553771,0.222320376914
0.165,0.602306308621,0.220979316167
0.166,0.600892971862,0.220501100389
0.167,0.599736605422,0.219504946291
0.168,0.598483875112,0.218359957401
0.169,0.597359629963,0.217513882956
0.17,0.596074778363,0.216618100788
0.171,0.595079018373,0.215719135405
0.172,0.593826288064,0.21512605042
0.173,0.592541436464,0.214742481853
0.174,0.591095978414,0.213951270268
0.175,0.589425671335,0.213182510333
0.176,0.587883849415,0.212373924813
0.177,0.586534755236,0.211296612769
0.178,0.585025054606,0.210535572949
0.179,0.583804445587,0.209520868261
0.18,0.582134138507,0.208362863218
0.181,0.580817165617,0.207581548307
0.182,0.579564435308,0.206722838928
0.183,0.578118977258,0.205833668859
0.184,0.576994732108,0.204953338119
0.185,0.575870486959,0.2040228592
0.186,0.574489271489,0.20298035674
0.187,0.573300783759,0.202363702228
0.188,0.57134138507,0.201791479107
0.189,0.57015289734,0.200948645444
0.19,0.568611075421,0.199945057461
0.191,0.567229859951,0.198979826295
0.192,0.566169857381,0.19811972902
0.193,0.564820763202,0.197076915961
0.194,0.563343183862,0.196305921663
0.195,0.561448027753,0.195403906214
0.196,0.560034690993,0.194621141254
0.197,0.558878324554,0.193554440118
0.198,0.557304381344,0.192644565832
0.199,0.555826802004,0.191909645102
0.2,0.554028009765,0.191490370933
0.201,0.551940125915,0.191344505808
0.202,0.550205576256,0.190574064337
0.203,0.548727996916,0.189628705747
0.204,0.546897083387,0.188725608287
0.205,0.545387382757,0.187950292539
0.206,0.543588590518,0.187545503082
0.207,0.541854040858,0.186497684621
0.208,0.539894642169,0.185393808777
0.209,0.538384941539,0.184602526916
0.21,0.53652190672,0.183896129542
0.211,0.53456250803,0.183183778692
0.212,0.532346139021,0.18275072204
0.213,0.530900680971,0.182090745553
0.214,0.529005524862,0.181101571522
0.215,0.527014004882,0.1804568144
0.216,0.525311576513,0.17964556962
0.217,0.523641269433,0.179017993291
0.218,0.522099447514,0.177989893318
0.219,0.520493383014,0.177197027927
0.22,0.518277014005,0.176528142541
0.221,0.516413979185,0.175898629428
0.222,0.514936399846,0.175059703042
0.223,0.513523063086,0.174205315268
0.224,0.511724270847,0.173159493141
0.225,0.509507901837,0.17263689443
0.226,0.507644867018,0.17180896027
0.227,0.505621225748,0.170914303918
0.228,0.504175767699,0.169936034115
0.229,0.502505460619,0.169387208991
0.23,0.50106000257,0.168484392629
0.231,0.49955030194,0.167978436658
0.232,0.497655145831,0.167532748728
0.233,0.495599383271,0.166911404797
0.234,0.493832712322,0.165965583174
0.235,0.492001798792,0.165523673671
0.236,0.490363613003,0.164784309404
0.237,0.488532699473,0.164278205057
0.238,0.486669664654,0.163833333333
0.239,0.484902993704,0.163216338374
0.24,0.483329050495,0.162483191394
0.241,0.481305409225,0.161531962827
0.242,0.479699344726,0.160898088452
0.243,0.478189644096,0.160308810173
0.244,0.476262366697,0.15969885359
0.245,0.474592059617,0.158817463046
0.246,0.472632660928,0.158349162494
0.247,0.470930232558,0.15794036061
0.248,0.469067197739,0.157583144698
0.249,0.467396890659,0.156845602378
0.25,0.466336888089,0.156233561284
0.251,0.46453809585,0.155787743602
0.252,0.46315688038,0.154820839227
0.253,0.461101117821,0.154388250622
0.254,0.458948991391,0.153937734389
0.255,0.457535654632,0.153432514788
0.256,0.455833226262,0.152904464714
0.257,0.454002312733,0.152441229656
0.258,0.452332005653,0.151731654154
0.259,0.451111396634,0.151084381265
0.26,0.449633817294,0.150359887764
0.261,0.447770782475,0.149635260222
0.262,0.446261081845,0.14930790526
0.263,0.445072594115,0.148379129361
0.264,0.443562893486,0.148044865836
0.265,0.441667737376,0.147836912543
0.266,0.440029551587,0.147180192572
0.267,0.438455608377,0.146490016326
0.268,0.436849543878,0.14613541798
0.269,0.435404085828,0.145677762309
0.27,0.433541051009,0.145563183321
0.271,0.432159835539,0.145071770335
0.272,0.430842862649,0.144302824569
0.273,0.42920467686,0.143555755743
0.274,0.42798406784,0.143189154293
0.275,0.42689194398,0.142375955435
0.276,0.425253758191,0.142104578564
0.277,0.423454965951,0.141755944604
0.278,0.421881022742,0.14175190139
0.279,0.420146473082,0.141285733105
0.28,0.419022227933,0.140808774944
0.281,0.417673133753,0.140279896531
0.282,0.416324039573,0.139756308676
0.283,0.414621611204,0.13961885657
0.284,0.413111910574,0.139010140353
0.285,0.411152511885,0.138594477824
0.286,0.409964024155,0.137940379404
0.287,0.408454323526,0.137560378257
0.288,0.407201593216,0.137387387387
0.289,0.406173711936,0.137097878166
0.29,0.404985224207,0.136547839824
0.291,0.403539766157,0.136247672895
0.292,0.401837337787,0.135932414653
0.293,0.400873699088,0.13560616581
0.294,0.399492483618,0.135460943488
0.295,0.398047025569,0.135031134122
0.296,0.396730052679,0.13475177305
0.297,0.395670050109,0.134272631208
0.298,0.3944173198,0.1336020935
0.299,0.39326095336,0.133319142898
0.3,0.39178337402,0.133138623736
0.301,0.389823975331,0.132726882029
0.302,0.387736091481,0.132507561573
0.303,0.386033663112,0.131938915828
0.304,0.384845175382,0.131726091061
0.305,0.383014261853,0.131747884447
0.306,0.381729410253,0.131551976574
0.307,0.380123345754,0.131333186264
0.308,0.378774251574,0.130649926145
0.309,0.376590003855,0.130137495355
0.31,0.375401516125,0.129847852029
0.311,0.374148785815,0.129370367598
0.312,0.372928176796,0.129216437533
0.313,0.371386354876,0.128764435052
0.314,0.370037260696,0.128712121212
0.315,0.368688166517,0.128593155894
0.316,0.366985738147,0.128314864348
0.317,0.365829371708,0.127780334407
0.318,0.364705126558,0.127174749808
0.319,0.362777849158,0.126809630719
0.32,0.361332391109,0.126642307393
0.321,0.359983296929,0.126784739018
0.322,0.35818450469,0.126020087884
0.323,0.35661056148,0.125739061884
0.324,0.35571116536,0.125247094173
0.325,0.354683284081,0.125138778747
0.326,0.353398432481,0.1247710805
0.327,0.352306308621,0.124340738373
0.328,0.350892971862,0.124006742114
0.329,0.349447513812,0.123881679697
0.33,0.348162662213,0.123563683444
0.331,0.346717204163,0.123659408515
0.332,0.345400231273,0.123429596998
0.333,0.344179622254,0.123311225743
0.334,0.342959013234,0.122903650115
0.335,0.341802646794,0.122834515756
0.336,0.340614159065,0.122339103785
0.337,0.339489913915,0.122111388196
0.338,0.338044455865,0.122057104692
0.339,0.336631119106,0.121992118722
0.34,0.335121418476,0.121799191375
0.341,0.333708081717,0.121350596598
0.342,0.332423230117,0.12130479103
0.343,0.331074135937,0.121289662231
0.344,0.330046254658,0.121095421481
0.345,0.329082615958,0.120501588938
0.346,0.327476551458,0.120110525861
0.347,0.326288063729,0.119732963413
0.348,0.325324425029,0.119662579355
0.349,0.324360786329,0.119361312276
0.35,0.32307593473,0.119316688568
0.351,0.32211229603,0.119399051133
0.352,0.32085956572,0.119343741731
0.353,0.319574714121,0.119298556372
0.354,0.318611075421,0.118912193388
0.355,0.317583194141,0.118701507179
0.356,0.316426827701,0.117900017918
0.357,0.315270461262,0.117805755396
0.358,0.313953488372,0.117524841915
0.359,0.312443787743,0.117545611328
0.36,0.311512270333,0.116961195118
0.361,0.310355903893,0.116942488799
0.362,0.309456507773,0.116675839296
0.363,0.308685596814,0.116120721384
0.364,0.307754079404,0.115778783123
0.365,0.306918925864,0.115975564606
0.366,0.305794680714,0.115766979467
0.367,0.304863163305,0.115420473616
0.368,0.303931645895,0.114905960513
0.369,0.302775279455,0.114712514092
0.37,0.301908004625,0.114670686893
0.371,0.301104972376,0.114523292072
0.372,0.300237697546,0.113798008535
0.373,0.299370422716,0.113668791021
0.374,0.298535269176,0.113612515501
0.375,0.297443145317,0.113388239801
0.376,0.296286778877,0.11343972313
0.377,0.295515867917,0.113103847266
0.378,0.294841320827,0.112379110251
0.379,0.293652833098,0.112351912993
0.38,0.292817679558,0.111771584486
0.381,0.291886162148,0.111567419576
0.382,0.290890402159,0.111645246738
0.383,0.289926763459,0.111450231368
0.384,0.288866760889,0.110759493671
0.385,0.287903122189,0.110559745931
0.386,0.28677887704,0.110679418211
0.387,0.28575099576,0.110144057623
0.388,0.28520493383,0.110153352711
0.389,0.284337659,0.109557344064
0.39,0.283663111911,0.109250479169
0.391,0.282892200951,0.109065155807
0.392,0.282153411281,0.109138857896
0.393,0.281446742901,0.109100152517
0.394,0.280740074521,0.108981547558
0.395,0.279680071952,0.109167178228
0.396,0.278748554542,0.109126373062
0.397,0.277977643582,0.1092125579
0.398,0.277142490042,0.109321771446
0.399,0.276532185533,0.108891419108
0.4,0.275986123603,0.108528740403
0.401,0.274893999743,0.108170070863
0.402,0.274380059103,0.107512276669
0.403,0.273320056533,0.10760356581
0.404,0.272452781704,0.107157894737
0.405,0.271296415264,0.107093773126
0.406,0.270653989464,0.106752888795
0.407,0.269626108185,0.106450926123
0.408,0.268726712065,0.10581445062
0.409,0.267827315945,0.105652686903
0.41,0.266895798535,0.105404823428
0.411,0.265835795966,0.105200562223
0.412,0.264807914686,0.104983172294
0.413,0.264004882436,0.104781614203
0.414,0.263137607606,0.104503716659
0.415,0.262559424386,0.103924577943
0.416,0.261884877297,0.103376223469
0.417,0.261049723757,0.10298013245
0.418,0.260182448927,0.102691924227
0.419,0.259540023127,0.102321964226
0.42,0.258512141848,0.102286670385
0.421,0.257837594758,0.102125279642
0.422,0.257034562508,0.101605478837
0.423,0.256488500578,0.101294316263
0.424,0.255878196068,0.101207266163
0.425,0.254786072209,0.100782224238
0.426,0.254079403829,0.100011377859
0.427,0.253180007709,0.0996116061229
0.428,0.252023641269,0.0997131382674
0.429,0.25109212386,0.0996314213315
0.43,0.2503212129,0.0994915645944
0.431,0.24942181678,0.0991879350348
0.432,0.24868302711,0.0990340975212
0.433,0.247944237441,0.0989844753122
0.434,0.247205447771,0.0987235039232
0.435,0.246338172941,0.0986130700517
0.436,0.245695747141,0.09831427561
0.437,0.244956957471,0.0979418026969
0.438,0.244282410382,0.0977577411318
0.439,0.243575742002,0.0976915754403
0.44,0.242676345882,0.0972637113156
0.441,0.242066041372,0.0964028776978
0.442,0.241391494282,0.0964290008416
0.443,0.240845432353,0.0956458810759
0.444,0.240459976873,0.0953474320242
0.445,0.239689065913,0.0949666464524
0.446,0.238853912373,0.0949367088608
0.447,0.238147243993,0.0947496947497
0.448,0.237312090454,0.0948296986033
0.449,0.236637543364,0.0948519474137
0.45,0.235866632404,0.0946862285785
0.451,0.235063600154,0.0943069306931
0.452,0.234421174354,0.0940913604767
0.453,0.233778748555,0.0943255350921
0.454,0.233200565335,0.0941983780412
0.455,0.232526018245,0.0939924906133
0.456,0.231851471155,0.093899071052
0.457,0.231048438905,0.0938523557571
0.458,0.230245406656,0.0938053097345
0.459,0.229506616986,0.0939639868121
0.46,0.228960555056,0.0937062937063
0.461,0.228446614416,0.0936663693131
0.462,0.227836309906,0.0934304703476
0.463,0.227290247976,0.0935178068153
0.464,0.226583579597,0.09343272073
0.465,0.225812668637,0.0934880722115
0.466,0.225170242837,0.0934954092849
0.467,0.224527817037,0.0936203319502
0.468,0.223821148657,0.0934166016133
0.469,0.223050237698,0.0932358318099
0.47,0.222504175768,0.0930871956009
0.471,0.222215084158,0.0927213114754
0.472,0.221540537068,0.0925
0.473,0.220865989978,0.0927563003035
0.474,0.220127200308,0.0929185969557
0.475,0.219677502248,0.0923689449237
0.476,0.219131440319,0.0922155688623
0.477,0.218649620969,0.0916733386709
0.478,0.218103559039,0.0915172598341
0.479,0.217621739689,0.0912139503689
0.48,0.216850828729,0.0911416262789
0.481,0.2159835539,0.0911057042444
0.482,0.21527688552,0.0911310008137
0.483,0.21479506617,0.0910697295093
0.484,0.21428112553,0.0908967020987
0.485,0.21383142747,0.0903252254714
0.486,0.21338172941,0.0902492467817
0.487,0.21289991006,0.0903101839144
0.488,0.212289605551,0.0901707048458
0.489,0.211839907491,0.0900938189845
0.49,0.211582937171,0.0900676889073
0.491,0.211165360401,0.0899778516058
0.492,0.210683541051,0.0899125849868
0.493,0.210233842991,0.0897079276773
0.494,0.209784144931,0.0895023002928
0.495,0.208916870102,0.0894582108358
0.496,0.208467172042,0.0895061728395
0.497,0.208017473982,0.0896823165589
0.498,0.207503533342,0.0897562350289
0.499,0.207150199152,0.0895100945927
0.5,0.206636258512,0.0889392437332
0.501,0.205640498522,0.0890722822994
0.502,0.204741102403,0.0890381592111
0.503,0.204002312733,0.0884168221616
0.504,0.203231401773,0.0883285302594
0.505,0.202653218553,0.0877674956622
0.506,0.202299884363,0.0879073135409
0.507,0.201657458564,0.087632611539
0.508,0.200982911474,0.0875018229546
0.509,0.200533213414,0.0871472437491
0.51,0.200019272774,0.0866823115283
0.511,0.199473210844,0.0863616301309
0.512,0.198991391494,0.0862831858407
0.513,0.198605936014,0.0863011674302
0.514,0.198059874085,0.0863831678767
0.515,0.197321084415,0.0862710099658
0.516,0.196614416035,0.0862815345574
0.517,0.196228960555,0.086026331538
0.518,0.195490170885,0.0859116851907
0.519,0.194944108955,0.0854430379747
0.52,0.194558653476,0.0851835070231
0.521,0.194012591546,0.0852642738149
0.522,0.193530772196,0.0851806863043
0.523,0.192663497366,0.0846940332672
0.524,0.192085314146,0.0846471758763
0.525,0.191507130926,0.0844594594595
0.526,0.190832583837,0.0844506087225
0.527,0.190318643197,0.0845179233622
0.528,0.189644096107,0.0837988826816
0.529,0.189226519337,0.0836833100016
0.53,0.188712578697,0.0833203307848
0.531,0.188198638057,0.0830985915493
0.532,0.187748939997,0.0829934107311
0.533,0.187170756778,0.0829398803903
0.534,0.186431967108,0.0825165981663
0.535,0.185789541308,0.0823417420276
0.536,0.185307721958,0.0821002386635
0.537,0.184761660028,0.0815902921922
0.538,0.184183476808,0.0813841717398
0.539,0.183476808429,0.0816720257235
0.54,0.182930746499,0.0813034360381
0.541,0.182545291019,0.080866893094
0.542,0.181999229089,0.0807916937054
0.543,0.181645894899,0.0801886792453
0.544,0.181260439419,0.0803455019557
0.545,0.180810741359,0.0805292388108
0.546,0.180521649749,0.0803469153985
0.547,0.1800398304,0.0802428618313
0.548,0.17968649621,0.0799342105263
0.549,0.1793974046,0.080052709603
0.55,0.17888346396,0.0799603502396
0.551,0.17840164461,0.0795492210805
0.552,0.17795194655,0.0795813258016
0.553,0.17766285494,0.0789342214821
0.554,0.17711679301,0.0790045097712
0.555,0.176570731081,0.0787665493548
0.556,0.176056790441,0.0785137861466
0.557,0.175478607221,0.0785967279474
0.558,0.174964666581,0.0784977161225
0.559,0.174514968521,0.0775891341256
0.56,0.174065270461,0.0774599931903
0.561,0.173647693691,0.0774744027304
0.562,0.173294359501,0.077462380301
0.563,0.172780418862,0.077358490566
0.564,0.172459205962,0.0771742866965
0.565,0.172105871772,0.0773204752884
0.566,0.171720416292,0.0771620921802
0.567,0.171463445972,0.0767900380491
0.568,0.171013747912,0.076816368996
0.569,0.170596171142,0.0768294802712
0.57,0.170242836952,0.0768158857342
0.571,0.169825260182,0.0765065502183
0.572,0.169375562123,0.0760469598738
0.573,0.169086470513,0.0758426966292
0.574,0.168797378903,0.0754750175932
0.575,0.168347680843,0.0754983242194
0.576,0.168026467943,0.0751414427157
0.577,0.167641012463,0.0746453900709
0.578,0.167255556983,0.0746401279545
0.579,0.166773737633,0.0746747460346
0.58,0.166452524733,0.0748080699875
0.581,0.166227675703,0.0744052942229
0.582,0.165617371194,0.0746590093324
0.583,0.165231915714,0.0746537146969
0.584,0.164878581524,0.0743011722272
0.585,0.164364640884,0.0743487698987
0.586,0.164107670564,0.0739532354541
0.587,0.163914942824,0.0738656987296
0.588,0.163465244764,0.0733794610342
0.589,0.163176153154,0.073499908809
0.59,0.162630091224,0.0733894582723
0.591,0.162469484775,0.0729472140762
0.592,0.162019786715,0.0731348768835
0.593,0.161730695105,0.0732560279772
0.594,0.161441603495,0.0730357801549
0.595,0.161120390595,0.0728280961183
0.596,0.160799177695,0.072962962963
0.597,0.160124630605,0.0727306547619
0.598,0.159931902865,0.0726392251816
0.599,0.159417962225,0.0726831091181
0.6,0.159160991905,0.072271110279
0.601,0.158518566106,0.0718450253903
0.602,0.157844019016,0.071779372875
0.603,0.157458563536,0.0714150407274
0.604,0.156976744186,0.0714421432643
0.605,0.156559167416,0.0712652439024
0.606,0.156173711936,0.0710737485671
0.607,0.155531286136,0.0708117443869
0.608,0.155081588077,0.0708237105466
0.609,0.154535526147,0.0706973150473
0.61,0.153957342927,0.0709439813917
0.611,0.153604008737,0.0710955710956
0.612,0.153122189387,0.0702165008777
0.613,0.152479763587,0.0703094398747
0.614,0.152030065527,0.0705027494108
0.615,0.151451882308,0.0703864353312
0.616,0.151227033278,0.0701165317006
0.617,0.150905820378,0.0700712589074
0.618,0.150424001028,0.0699106256207
0.619,0.150199151998,0.0698229560374
0.62,0.149685211358,0.0696745857457
0.621,0.149396119748,0.0696139227846
0.622,0.148914300398,0.069636765001
0.623,0.148400359758,0.0694864048338
0.624,0.147854297829,0.0695370931878
0.625,0.147436721059,0.0693430656934
0.626,0.146987022999,0.0695404636031
0.627,0.146633688809,0.0695067264574
0.628,0.146023384299,0.0690149498259
0.629,0.145605807529,0.0691991786448
0.63,0.145091866889,0.0690436933223
0.631,0.144770653989,0.0689940095022
0.632,0.14425671335,0.0688368235538
0.633,0.14383913658,0.0686356073211
0.634,0.14371065142,0.0686927560366
0.635,0.14329307465,0.0686847599165
0.636,0.14293974046,0.0684530039774
0.637,0.14232943595,0.0685305865041
0.638,0.14191185918,0.0685220324689
0.639,0.14168701015,0.0684266103485
0.64,0.14126943338,0.0682203389831
0.641,0.140948220481,0.0679694137638
0.642,0.140723371451,0.0676739731858
0.643,0.140177309521,0.0675213675214
0.644,0.139534883721,0.0674109059682
0.645,0.139085185661,0.0670114199526
0.646,0.138763972761,0.0669546436285
0.647,0.138378517281,0.0671286271113
0.648,0.137832455351,0.06636205396
0.649,0.137479121162,0.0663176265271
0.65,0.136965180522,0.0657318141981
0.651,0.136579725042,0.0654945054945
0.652,0.136290633432,0.0654185022026
0.653,0.135937299242,0.0651645681467
0.654,0.135680328922,0.0650730411687
0.655,0.135326994732,0.0650244118953
0.656,0.135037903122,0.0643222791008
0.657,0.134652447642,0.0638677981242
0.658,0.134266992162,0.063829787234
0.659,0.134170628292,0.0636628558619
0.66,0.133720930233,0.0632313231323
0.661,0.133560323783,0.0626690712353
0.662,0.133367596043,0.0625423346128
0.663,0.133174868303,0.0619909502262
0.664,0.132789412823,0.0617339990921
0.665,0.132468199923,0.0608061944887
0.666,0.132211229603,0.0604884729514
0.667,0.131922137993,0.059967956054
0.668,0.131697288963,0.0589855405095
0.669,0.131536682513,0.0581876724931
0.67,0.131343954773,0.0580511402903
0.671,0.131054863163,0.0575190575191
0.672,0.130733650263,0.0574339972209
0.673,0.130251830914,0.05719600093
0.674,0.129898496724,0.0573426573427
0.675,0.129320313504,0.0571428571429
0.676,0.129127585764,0.0572232645403
0.677,0.128838494154,0.0571227080395
0.678,0.128613645124,0.0572168589593
0.679,0.128453038674,0.057062013676
0.68,0.128131825774,0.0571968801702
0.681,0.127842734164,0.0568720379147
0.682,0.127585763844,0.0569800569801
0.683,0.127264550944,0.0571156592099
0.684,0.127103944494,0.0569590085796
0.685,0.126750610305,0.0571087216249
0.686,0.126557882565,0.0569650550503
0.687,0.126300912245,0.0570743405276
0.688,0.126204548375,0.056662665066
0.689,0.125979699345,0.0567580567581
0.69,0.125562122575,0.0562530178658
0.691,0.125337273545,0.0558916041616
0.692,0.125016060645,0.0560271646859
0.693,0.124887575485,0.0556230264756
0.694,0.124598483875,0.0552849488553
0.695,0.124309392265,0.0554063949231
0.696,0.123988179365,0.0555419623195
0.697,0.123634845175,0.0556918547596
0.698,0.123313632275,0.0555965559656
0.699,0.123120904536,0.0556787386056
0.7,0.122928176796,0.0555281342547
0.701,0.122542721316,0.0554592720971
0.702,0.121964538096,0.05453187251
0.703,0.121386354876,0.0547773886943
0.704,0.121000899396,0.0547051442911
0.705,0.120390594886,0.0544904137235
0.706,0.120037260696,0.0539240506329
0.707,0.119523320057,0.0529396793077
0.708,0.118977258127,0.0524430800716
0.709,0.118463317487,0.0524152106886
0.71,0.118045740717,0.0518575851393
0.711,0.117660285237,0.0515277058519
0.712,0.117339072337,0.0511688311688
0.713,0.116793010407,0.0509005481597
0.714,0.116471797507,0.0505367897355
0.715,0.116150584607,0.0504201680672
0.716,0.115765129128,0.04982863169
0.717,0.115347552358,0.0492454328832
0.718,0.114865733008,0.0479233226837
0.719,0.114383913658,0.0478609625668
0.72,0.114062700758,0.0472229675342
0.721,0.113741487858,0.0473500134517
0.722,0.113356032378,0.0472462203024
0.723,0.113066940768,0.0473612990528
0.724,0.112745727868,0.0469725767038
0.725,0.112488757549,0.0468154599891
0.726,0.112199665939,0.0469304229195
0.727,0.111717846589,0.046600877193
0.728,0.111428754979,0.046454095657
0.729,0.111107542079,0.0465821389195
0.73,0.110850571759,0.0461580983969
0.731,0.110529358859,0.0457570715474
0.732,0.110111782089,0.0453912559176
0.733,0.109886933059,0.0449469570073
0.734,0.109533598869,0.0445502942001
0.735,0.109308749839,0.0443695591126
0.736,0.109116022099,0.0444444444444
0.737,0.10869844533,0.0435274166196
0.738,0.10821662598,0.0431695541039
0.739,0.10776692792,0.0427960057061
0.74,0.10715662341,0.0430292598967
0.741,0.10683541051,0.0426021876799
0.742,0.10651419761,0.0421721548238
0.743,0.10609662084,0.0420533642691
0.744,0.10587177181,0.0415818551905
0.745,0.10564692278,0.0408282298046
0.746,0.105197224721,0.0409956076135
0.747,0.104843890531,0.0405643738977
0.748,0.104329949891,0.0401891252955
0.749,0.103880251831,0.040071237756
0.75,0.103398432481,0.0396778042959
0.751,0.103012977001,0.0398203592814
0.752,0.102466915071,0.0394459500151
0.753,0.102209944751,0.0392512077295
0.754,0.101856610561,0.0385081867799
0.755,0.101439033792,0.0383678440926
0.756,0.101310548632,0.038121378469
0.757,0.101053578312,0.0379204892966
0.758,0.100860850572,0.0376953723567
0.759,0.100475395092,0.0378345124577
0.76,0.100218424772,0.0373341561247
0.761,0.099993575742,0.0368193069307
0.762,0.0995438776821,0.0369794903667
0.763,0.0993511499422,0.0370485678705
0.764,0.0991905434922,0.0365054602184
0.765,0.0989014518823,0.0366082603254
0.766,0.0986444815624,0.0367001254705
0.767,0.0984517538224,0.036769327467
0.768,0.0980662983425,0.0369085173502
0.769,0.0978414493126,0.0366856419987
0.77,0.0976166002827,0.0367670364501
0.771,0.0973596299627,0.0365543547362
0.772,0.0970062957728,0.0363752393108
0.773,0.0967493254529,0.0358514724712
0.774,0.096331748683,0.0360012857602
0.775,0.0961068996531,0.0360824742268
0.776,0.0958178080432,0.0355641771743
0.777,0.0955608377232,0.0356564019449
0.778,0.0953681099833,0.035412605588
0.779,0.0950468970834,0.0352135637431
0.78,0.0947256841835,0.0353287536801
0.781,0.0945008351535,0.0354098360656
0.782,0.0941475009636,0.0352205398288
0.783,0.0938584093537,0.0353251898316
0.784,0.0936978029038,0.0353835978836
0.785,0.0934087112938,0.0354892205638
0.786,0.0932159835539,0.0345974717232
0.787,0.0931196196839,0.034632034632
0.788,0.092734164204,0.0347709796055
0.789,0.0924771938841,0.0348642306403
0.79,0.0922844661442,0.0346102150538
0.791,0.0921238596942,0.0343434343434
0.792,0.0917384042143,0.0341562394319
0.793,0.0916099190543,0.0338753387534
0.794,0.0913529487344,0.0336391437309
0.795,0.0910638571245,0.0337423312883
0.796,0.0908390080946,0.0338230269901
0.797,0.0906784016446,0.0332191780822
0.798,0.0903893100347,0.0329896907216
0.799,0.0902287035847,0.0327134986226
0.8,0.0901002184248,0.0327586206897
0.801,0.0895862777849,0.0329403606103
0.802,0.089232943595,0.0327298050139
0.803,0.0886547603752,0.0322580645161
0.804,0.0879480919954,0.0325088339223
0.805,0.0874020300655,0.0323613086771
0.806,0.0868880894257,0.0322003577818
0.807,0.0862135423359,0.0320952037505
0.808,0.085763844276,0.0305010893246
0.809,0.0851214184762,0.0303695572631
0.81,0.0846717204163,0.0305259286502
0.811,0.0841256584864,0.03
0.812,0.0837080817166,0.0290611028316
0.813,0.0831620197867,0.0288822205551
0.814,0.0826480791469,0.0290566037736
0.815,0.082262623667,0.0288206295032
0.816,0.0818771681871,0.0285823170732
0.817,0.0814595914172,0.0283524904215
0.818,0.0811062572273,0.0277242972661
0.819,0.0805280740075,0.027917797596
0.82,0.0798535269176,0.0281469898358
0.821,0.0793395862778,0.0279417552145
0.822,0.0789220095079,0.0269306930693
0.823,0.078504432738,0.0266825965751
0.824,0.0780226133882,0.0268429487179
0.825,0.0775407940383,0.0270052398227
0.826,0.0770268533984,0.0263905805928
0.827,0.0765450340486,0.0261544748672
0.828,0.0759347295387,0.0251546391753
0.829,0.0755171527689,0.0244813278008
0.83,0.075035333419,0.0242272347536
0.831,0.0743286650392,0.024040489245
0.832,0.0738789669793,0.0237691001698
0.833,0.0735577540794,0.0238704177323
0.834,0.0731401773095,0.0235849056604
0.835,0.0725941153797,0.0237580993521
0.836,0.0721122960298,0.0239130434783
0.837,0.0715662341,0.0236634531113
0.838,0.0708595657202,0.0225963668587
0.839,0.0704741102403,0.0227171492205
0.84,0.0699280483104,0.0224517287831
0.841,0.0694783502505,0.0221518987342
0.842,0.0690928947707,0.0218281036835
0.843,0.0686110754208,0.0215300045809
0.844,0.0682898625209,0.0216290842154
0.845,0.067808043171,0.0217794253939
0.846,0.0672619812412,0.0214953271028
0.847,0.0667159193113,0.0212064090481
0.848,0.0663625851214,0.0213169114164
0.849,0.0660092509315,0.0214285714286
0.85,0.0654631890017,0.021603456553
0.851,0.0649492483618,0.0212971926428
0.852,0.0644995503019,0.0214424951267
0.853,0.0640177309521,0.0201573254671
0.854,0.0637286393422,0.0192782995551
0.855,0.0634395477322,0.0183896620278
0.856,0.0629577283824,0.0185277916875
0.857,0.0625722729025,0.0171543895055
0.858,0.0621225748426,0.0167768174886
0.859,0.0615122703328,0.0169404517454
0.86,0.0610304509829,0.0170719089498
0.861,0.0604522677631,0.0167189132706
0.862,0.0598098419633,0.0158562367865
0.863,0.0594243864834,0.0154337413518
0.864,0.0590389310035,0.0150053590568
0.865,0.0585571116536,0.0151269584009
0.866,0.0580431710137,0.0152588555858
0.867,0.0577219581138,0.0153424657534
0.868,0.057272260054,0.0154610712314
0.869,0.0568225619941,0.0155815247635
0.87,0.0562765000642,0.0140686550366
0.871,0.0558268020044,0.0141803743619
0.872,0.0553449826545,0.0143020594966
0.873,0.0548952845946,0.0127094165222
0.874,0.0544777078247,0.0128055878929
0.875,0.0542207375048,0.0122878876536
0.876,0.053546190415,0.0124407582938
0.877,0.0528395220352,0.0126050420168
0.878,0.0523898239753,0.0127118644068
0.879,0.0518758833355,0.0122324159021
0.88,0.0514904278556,0.0117139334155
0.881,0.0512013362457,0.0117792932424
0.882,0.0508158807658,0.010631644778
0.883,0.050141333676,0.0101458465441
0.884,0.0497879994861,0.0102171136654
0.885,0.0494989078761,0.00964010282776
0.886,0.0491455736862,0.00970873786408
0.887,0.0485995117564,0.0098167539267
0.888,0.0481498136965,0.00990752972259
0.889,0.0476037517667,0.00935828877005
0.89,0.0470898111268,0.00945945945946
0.891,0.046511627907,0.00889801505818
0.892,0.0458692021072,0.00902151283831
0.893,0.0452588975973,0.00914205344585
0.894,0.0448091995375,0.00852878464819
0.895,0.0443916227676,0.00860832137733
0.896,0.0439098034177,0.00870195794054
0.897,0.0434279840678,0.00879765395894
0.898,0.0431710137479,0.00738552437223
0.899,0.0426249518181,0.0074794315632
0.9,0.0419825260182,0.00759301442673
0.901,0.0412437363485,0.00696055684455
0.902,0.0410188873185,0.00622568093385
0.903,0.0406013105486,0.00550747442958
0.904,0.0401194911988,0.00557324840764
0.905,0.0396376718489,0.00564061240935
0.906,0.0390916099191,0.00571895424837
0.907,0.0385776692792,0.00579470198675
0.908,0.0379994860594,0.00504625735913
0.909,0.0373891815495,0.00427715996578
0.91,0.0371322112296,0.00430663221361
0.911,0.0365219067198,0.00437828371278
0.912,0.03587948092,0.00445632798574
0.913,0.0354297828601,0.00451263537906
0.914,0.0345625080303,0.00462534690102
0.915,0.0339843248105,0.00470366886171
0.916,0.0336309906206,0.00475285171103
0.917,0.0332134138507,0.00481231953802
0.918,0.0327315945008,0.0048828125
0.919,0.032153411281,0.00497017892644
0.92,0.0315752280612,0.00506072874494
0.921,0.0309006809713,0.00517063081696
0.922,0.0305794680714,0.00522466039707
0.923,0.0300655274316,0.00531349628055
0.924,0.0296158293717,0.00539374325782
0.925,0.028748554542,0.00555555555556
0.926,0.0279455222922,0.00571428571429
0.927,0.0273030964924,0.00584795321637
0.928,0.0267570345625,0.00596658711217
0.929,0.0263715790826,0.00605326876513
0.93,0.0259861236027,0.00614250614251
0.931,0.0253758190929,0.0062893081761
0.932,0.0247012720031,0.00645994832041
0.933,0.0239303610433,0.00534045393858
0.934,0.0233842991135,0.00546448087432
0.935,0.0229346010536,0.00557103064067
0.936,0.0224527817037,0.0042735042735
0.937,0.021553385584,0.00445103857567
0.938,0.0210715662341,0.00455235204856
0.939,0.0203970191443,0.00470219435737
0.94,0.0197224720545,0.00486223662885
0.941,0.0191121675446,0.00501672240803
0.942,0.0184697417448,0.00519031141869
0.943,0.017827315945,0.00537634408602
0.944,0.0174097391751,0.00550458715596
0.945,0.0167994346653,0.00570342205323
0.946,0.0162212514455,0.00590551181102
0.947,0.0158357959656,0.00604838709677
0.948,0.0153218553257,0.00625
0.949,0.0148721572658,0.00643776824034
0.95,0.014133367596,0.00677200902935
0.951,0.0136515482462,0.00700934579439
0.952,0.0132339714763,0.00722891566265
0.953,0.0126557882565,0.00755667506297
0.954,0.0122382114866,0.0078125
0.955,0.0114673005268,0.00557103064067
0.956,0.0109533598869,0.00583090379009
0.957,0.0102788127971,0.00621118012422
0.958,0.00979699344726,0.00651465798046
0.959,0.00925093151741,0.00689655172414
0.96,0.00886547603752,0.00719424460432
0.961,0.00835153539766,0.00763358778626
0.962,0.00774123088783,0.0082304526749
0.963,0.00729153282796,0.00873362445415
0.964,0.00668122831813,0.00952380952381
0.965,0.00587819606835,0.0108108108108
0.966,0.00523577026853,0.00609756097561
0.967,0.00488243607863,0.00653594771242
0.968,0.00433637414879,0.00735294117647
0.969,0.00375819092895,0.00847457627119
0.97,0.00353334189901,0.00900900900901
0.971,0.00324425028909,0.00980392156863
0.972,0.00282667351921,0.0112359550562
0.973,0.00253758190929,0.0
0.974,0.0021521264294,0.0
0.975,0.00192727739946,0.0
0.976,0.0017987922395,0.0
0.977,0.00150970062958,0.0
0.978,0.00131697288963,0.0
0.979,0.0010600025697,0.0
0.98,0.000899396119748,0.0
0.981,0.000738789669793,0.0
0.982,0.000546061929847,0.0
0.983,0.000513940639856,0.0
0.984,0.00032121289991,0.0
0.985,0.000224849029937,0.0
0.986,0.000192727739946,0.0
0.987,0.000160606449955,0.0
0.988,9.6363869973e-05,0.0
0.989,9.6363869973e-05,0.0
