Confidence,False Positive Rate,True Positive Rate,FPR: False positives,FPR: Predictions minus small craters, FPR: Small crater, FPR: Total craters predicted, FPR: False positives original, FPR: False Positives Evaluated,TPR: True Positives,TPR: True Positives Original,TPR: True Positives Evaluated,TPR: Ground Truth Length
0,0.698936624852,0.794455865348,55606,79558,3345,82903,55818,212,24733,24515,218,31132
0.001,0.698936624852,0.794455865348,55606,79558,3345,82903,55818,212,24733,24515,218,31132
0.002,0.641007444094,0.788706154439,42452,66227,3176,69403,42664,212,24554,24336,218,31132
0.003,0.606918343589,0.78417705255,36494,60130,3068,63198,36706,212,24413,24195,218,31132
0.004,0.583089707472,0.780740074521,32909,56439,2957,59396,33120,211,24306,24089,217,31132
0.005,0.565169018524,0.778106128742,30479,53929,2883,56812,30689,210,24224,24008,216,31132
0.006,0.548436322896,0.775600668123,28392,51769,2797,54566,28602,210,24146,23930,216,31132
0.007,0.534852145439,0.772870358474,26787,50083,2731,52814,26995,208,24061,23847,214,31132
0.008,0.522634336792,0.770653989464,25434,48665,2674,51339,25642,208,23992,23778,214,31132
0.009,0.511107829279,0.768758833355,24226,47399,2624,50023,24434,208,23933,23719,214,31132
0.01,0.501724360909,0.766960041115,23277,46394,2572,48966,23485,208,23877,23663,214,31132
0.011,0.493267731236,0.765353976616,22457,45527,2527,48054,22665,208,23827,23613,214,31132
0.012,0.485306277516,0.764069125016,21716,44747,2482,47229,21924,208,23787,23573,214,31132
0.013,0.47794485077,0.762463060517,21042,44026,2444,46470,21250,208,23737,23523,214,31132
0.014,0.47168985534,0.760856996017,20477,43412,2415,45827,20685,208,23687,23473,214,31132
0.015,0.466215901142,0.759411537967,19996,42890,2381,45271,20204,208,23642,23428,214,31132
0.016,0.461050446923,0.758062443788,19549,42401,2356,44757,19757,208,23600,23386,214,31132
0.017,0.455919515568,0.756906077348,19124,41946,2320,44266,19332,208,23564,23350,214,31132
0.018,0.450848519911,0.755492740588,18703,41484,2281,43765,18911,208,23520,23306,214,31132
0.019,0.446442913817,0.754207888989,18343,41087,2253,43340,18551,208,23480,23266,214,31132
0.02,0.442644279157,0.752923037389,18032,40737,2229,42966,18240,208,23440,23226,214,31132
0.021,0.437898286593,0.7516060645,17660,40329,2199,42528,17868,208,23399,23185,214,31132
0.022,0.4332957817,0.75044969806,17308,39945,2179,42124,17516,208,23363,23149,214,31132
0.023,0.429339458341,0.74951818065,17010,39619,2148,41767,17218,208,23334,23120,214,31132
0.024,0.425410566518,0.748136965181,16708,39275,2126,41401,16916,208,23291,23077,214,31132
0.025,0.421929126787,0.746819992291,16443,38971,2106,41077,16651,208,23250,23036,214,31132
0.026,0.418086839587,0.745920596171,16167,38669,2079,40748,16375,208,23222,23008,214,31132
0.027,0.414318851156,0.744892714891,15897,38369,2060,40429,16105,208,23190,22976,214,31132
0.028,0.410890569208,0.743704227162,15650,38088,2034,40122,15858,208,23153,22939,214,31132
0.029,0.407613005551,0.742772709752,15420,37830,2014,39844,15628,208,23124,22910,214,31132
0.03,0.404752401479,0.741423615572,15211,37581,1993,39574,15419,208,23082,22868,214,31132
0.031,0.401762043757,0.740299370423,15003,37343,1968,39311,15211,208,23047,22834,213,31132
0.032,0.399062676758,0.739207246563,14816,37127,1942,39069,15023,207,23013,22801,212,31132
0.033,0.39607715648,0.738564820763,14620,36912,1923,38835,14827,207,22993,22781,212,31132
0.034,0.393577906692,0.737729667223,14451,36717,1908,38625,14658,207,22967,22755,212,31132
0.035,0.390970852509,0.736541179494,14272,36504,1884,38388,14478,206,22930,22719,211,31132
0.036,0.388693163052,0.735834511114,14122,36332,1871,38203,14328,206,22908,22697,211,31132
0.037,0.386228456027,0.734935114994,13961,36147,1847,37994,14167,206,22880,22669,211,31132
0.038,0.38379204893,0.734228446614,13805,35970,1833,37803,14011,206,22858,22647,211,31132
0.039,0.381061516532,0.733553899525,13634,35779,1818,37597,13839,205,22837,22627,210,31132
0.04,0.378695566724,0.732750867275,13488,35617,1797,37414,13692,204,22812,22603,209,31132
0.041,0.376414162787,0.731819349865,13342,35445,1779,37224,13545,203,22783,22575,208,31132
0.042,0.374422886277,0.731209045355,13219,35305,1762,37067,13422,203,22764,22556,208,31132
0.043,0.372385532569,0.730116921496,13086,35141,1738,36879,13288,202,22730,22523,207,31132
0.044,0.370220062875,0.729410253116,12954,34990,1721,36711,13156,202,22708,22501,207,31132
0.045,0.368297231387,0.728671463446,12837,34855,1705,36560,13039,202,22685,22480,205,31132
0.046,0.366015332296,0.727932673776,12700,34698,1685,36383,12902,202,22662,22458,204,31132
0.047,0.364251822706,0.727097520236,12590,34564,1671,36235,12789,199,22636,22435,201,31132
0.048,0.361979772146,0.726422973147,12455,34408,1652,36060,12654,199,22615,22414,201,31132
0.049,0.359695218077,0.725652062187,12321,34254,1632,35886,12520,199,22591,22390,201,31132
0.05,0.35800949534,0.724688423487,12216,34122,1611,35733,12414,198,22561,22361,200,31132
0.051,0.356036969447,0.723692663497,12096,33974,1598,35572,12294,198,22530,22330,200,31132
0.052,0.354278114379,0.722632660928,11987,33835,1586,35421,12185,198,22497,22297,200,31132
0.053,0.351992635268,0.721604779648,11853,33674,1569,35243,12050,197,22465,22266,199,31132
0.054,0.350071564885,0.720673262238,11740,33536,1561,35097,11936,196,22436,22238,198,31132
0.055,0.348243671833,0.720191442888,11639,33422,1541,34963,11835,196,22421,22223,198,31132
0.056,0.346334134615,0.719131440319,11526,33280,1532,34812,11721,195,22388,22191,197,31132
0.057,0.344521849272,0.718424771939,11424,33159,1518,34677,11619,195,22366,22169,197,31132
0.058,0.342850222532,0.717332648079,11324,33029,1499,34528,11518,194,22332,22136,196,31132
0.059,0.341241153063,0.716754464859,11234,32921,1490,34411,11428,194,22314,22118,196,31132
0.06,0.33959216021,0.71595143261,11141,32807,1466,34273,11335,194,22289,22093,196,31132
0.061,0.33774064212,0.7150199152,11035,32673,1456,34129,11229,194,22260,22064,196,31132
0.062,0.336016962173,0.71399203392,10935,32543,1442,33985,11128,193,22228,22033,195,31132
0.063,0.334442903375,0.71344597199,10851,32445,1429,33874,11044,193,22211,22016,195,31132
0.064,0.332838498175,0.71273930361,10762,32334,1424,33758,10955,193,22189,21994,195,31132
0.065,0.331357457638,0.711775664911,10677,32222,1406,33628,10870,193,22159,21964,195,31132
0.066,0.329470404984,0.711068996531,10576,32100,1393,33493,10768,192,22137,21943,194,31132
0.067,0.327916497391,0.710426570731,10493,31999,1381,33380,10685,192,22117,21923,194,31132
0.068,0.326290049533,0.709880508801,10408,31898,1375,33273,10599,191,22100,21907,193,31132
0.069,0.324558920653,0.709334446871,10320,31797,1363,33160,10511,191,22083,21890,193,31132
0.07,0.322897270002,0.708531414622,10231,31685,1352,33037,10422,191,22058,21865,193,31132
0.071,0.321291752414,0.707856867532,10148,31585,1344,32929,10339,191,22037,21844,193,31132
0.072,0.320030479093,0.707150199152,10080,31497,1331,32828,10271,191,22015,21822,193,31132
0.073,0.318769505127,0.706186560452,10010,31402,1315,32717,10201,191,21985,21792,193,31132
0.074,0.317344234024,0.705640498522,9937,31313,1294,32607,10128,191,21968,21775,193,31132
0.075,0.316118084016,0.705030194013,9873,31232,1283,32515,10064,191,21949,21756,193,31132
0.076,0.314574963844,0.703970191443,9788,31115,1275,32390,9979,191,21916,21723,193,31132
0.077,0.313120567376,0.703199280483,9713,31020,1263,32283,9904,191,21892,21699,193,31132
0.078,0.311968712628,0.702396248233,9652,30939,1247,32186,9843,191,21867,21674,193,31132
0.079,0.310823071938,0.701561094694,9592,30860,1230,32090,9783,191,21841,21648,193,31132
0.08,0.309392265193,0.700950790184,9520,30770,1223,31993,9711,191,21822,21629,193,31132
0.081,0.30800573701,0.700147757934,9449,30678,1208,31886,9640,191,21797,21604,193,31132
0.082,0.306973400431,0.699408968264,9394,30602,1200,31802,9585,191,21774,21581,193,31132
0.083,0.305581959422,0.698670178594,9323,30509,1193,31702,9514,191,21751,21558,193,31132
0.084,0.304120490644,0.697738661185,9248,30409,1179,31588,9439,191,21722,21529,193,31132
0.085,0.302477484907,0.697160477965,9169,30313,1170,31483,9360,191,21704,21511,193,31132
0.086,0.301451863611,0.696389567005,9115,30237,1157,31394,9306,191,21680,21487,193,31132
0.087,0.30002322418,0.695522292175,9043,30141,1141,31282,9234,191,21653,21460,193,31132
0.088,0.299088732207,0.694622896056,8993,30068,1128,31196,9184,191,21625,21432,193,31132
0.089,0.297841822609,0.693691378646,8929,29979,1118,31097,9120,191,21596,21403,193,31132
0.09,0.296622073579,0.692920467686,8869,29900,1106,31006,9060,191,21572,21379,193,31132
0.091,0.295526192233,0.692053192856,8812,29818,1100,30918,9003,191,21545,21352,193,31132
0.092,0.294623655914,0.691571373506,8768,29760,1089,30849,8959,191,21530,21337,193,31132
0.093,0.29329288844,0.690639856097,8702,29670,1076,30746,8893,191,21501,21308,193,31132
0.094,0.292252568956,0.689611974817,8646,29584,1067,30651,8837,191,21469,21276,193,31132
0.095,0.291286813299,0.688616214827,8595,29507,1061,30568,8786,191,21438,21245,193,31132
0.096,0.290241499949,0.688070152897,8545,29441,1053,30494,8736,191,21421,21228,193,31132
0.097,0.289051592031,0.687299241938,8488,29365,1044,30409,8679,191,21397,21204,193,31132
0.098,0.287797547898,0.686528330978,8427,29281,1038,30319,8618,191,21373,21180,193,31132
0.099,0.286716877782,0.685789541308,8375,29210,1028,30238,8566,191,21350,21157,193,31132
0.1,0.285738802128,0.684825902608,8325,29135,1014,30149,8516,191,21320,21127,193,31132
0.101,0.28489832433,0.683958627778,8280,29063,1004,30067,8471,191,21293,21100,193,31132
0.102,0.283668116242,0.683059231659,8219,28974,995,29969,8410,191,21265,21072,193,31132
0.103,0.282479224377,0.681710137479,8158,28880,973,29853,8349,191,21223,21030,193,31132
0.104,0.281154487358,0.680874983939,8095,28792,965,29757,8286,191,21197,21004,193,31132
0.105,0.279831376511,0.67984710266,8032,28703,950,29653,8223,191,21165,20972,193,31132
0.106,0.278470839012,0.67897982783,7969,28617,937,29554,8160,191,21138,20945,193,31132
0.107,0.276891242591,0.67788770397,7895,28513,927,29440,8086,191,21104,20911,193,31132
0.108,0.275813544415,0.676538609791,7840,28425,912,29337,8031,191,21062,20869,193,31132
0.109,0.274757452814,0.675510728511,7788,28345,901,29246,7979,191,21030,20837,193,31132
0.11,0.273335457152,0.674579211101,7722,28251,892,29143,7913,191,21001,20808,193,31132
0.111,0.272252796023,0.673519208531,7668,28165,885,29050,7859,191,20968,20775,193,31132
0.112,0.271141178565,0.672523448542,7615,28085,875,28960,7806,191,20937,20744,193,31132
0.113,0.269886059221,0.671559809842,7556,27997,869,28866,7747,191,20907,20714,193,31132
0.114,0.268501594811,0.670499807272,7492,27903,861,28764,7683,191,20874,20681,193,31132
0.115,0.267680034498,0.669407683413,7449,27828,855,28683,7640,191,20840,20647,193,31132
0.116,0.266606595783,0.668347680843,7397,27745,846,28591,7588,191,20807,20614,193,31132
0.117,0.26533342977,0.667255556983,7337,27652,839,28491,7528,191,20773,20580,193,31132
0.118,0.264036584038,0.666034947964,7275,27553,829,28382,7466,191,20735,20542,193,31132
0.119,0.263018085223,0.665103430554,7228,27481,816,28297,7419,191,20706,20513,193,31132
0.12,0.262034232327,0.663947064114,7180,27401,806,28207,7371,191,20670,20477,193,31132
0.121,0.261012732328,0.663144031864,7134,27332,799,28131,7325,191,20645,20452,193,31132
0.122,0.25964680398,0.661955544135,7072,27237,793,28030,7263,191,20608,20415,193,31132
0.123,0.258941713276,0.661024026725,7037,27176,783,27959,7228,191,20579,20386,193,31132
0.124,0.257552256444,0.659867660285,6974,27078,778,27856,7165,191,20543,20350,193,31132
0.125,0.255875157536,0.658679172556,6903,26978,766,27744,7094,191,20506,20313,193,31132
0.126,0.254678025371,0.657233714506,6846,26881,756,27637,7037,191,20461,20268,193,31132
0.127,0.253330348147,0.656334318386,6789,26799,748,27547,6980,191,20433,20240,193,31132
0.128,0.252105873985,0.655145830657,6734,26711,739,27450,6925,191,20396,20203,193,31132
0.129,0.251023551065,0.653828857767,6683,26623,731,27354,6874,191,20355,20162,193,31132
0.13,0.249962321025,0.652640370037,6634,26540,723,27263,6825,191,20318,20125,193,31132
0.131,0.248430527192,0.651451882308,6569,26442,718,27160,6758,189,20281,20090,191,31132
0.132,0.247248159113,0.650006424258,6514,26346,710,27056,6701,187,20236,20047,189,31132
0.133,0.246087055867,0.648753693948,6462,26259,703,26962,6647,185,20197,20010,187,31132
0.134,0.245101409419,0.647629448799,6417,26181,694,26875,6601,184,20162,19976,186,31132
0.135,0.244259592901,0.645830656559,6372,26087,684,26771,6554,182,20106,19922,184,31132
0.136,0.243298334679,0.64451368367,6326,26001,677,26678,6508,182,20065,19881,184,31132
0.137,0.242136544325,0.64319671078,6274,25911,670,26581,6453,179,20024,19843,181,31132
0.138,0.241057602973,0.64207246563,6227,25832,664,26496,6405,178,19989,19809,180,31132
0.139,0.240110252727,0.640916099191,6185,25759,653,26412,6363,178,19953,19773,180,31132
0.14,0.239350517872,0.639631247591,6147,25682,650,26332,6324,177,19913,19734,179,31132
0.141,0.23841137189,0.638410638571,6105,25607,642,26249,6282,177,19875,19696,179,31132
0.142,0.237158641226,0.637350636002,6053,25523,638,26161,6230,177,19842,19663,179,31132
0.143,0.236059260424,0.636354876012,6007,25447,633,26080,6184,177,19811,19632,179,31132
0.144,0.235015959333,0.635423358602,5964,25377,629,26006,6140,176,19782,19604,178,31132
0.145,0.233961816673,0.634170628292,5919,25299,617,25916,6094,175,19743,19566,177,31132
0.146,0.233083600904,0.633078504433,5880,25227,616,25843,6055,175,19709,19532,177,31132
0.147,0.232215992684,0.631729410253,5840,25149,608,25757,6015,175,19667,19490,177,31132
0.148,0.231257231776,0.630251830914,5796,25063,598,25661,5970,174,19621,19445,176,31132
0.149,0.230393530566,0.628806372864,5755,24979,593,25572,5926,171,19576,19403,173,31132
0.15,0.229292198923,0.627457278684,5708,24894,585,25479,5877,169,19534,19363,171,31132
0.151,0.228462003628,0.625851214185,5667,24805,576,25381,5835,168,19484,19314,170,31132
0.152,0.227570584904,0.624309392265,5626,24722,566,25288,5793,167,19436,19267,169,31132
0.153,0.226640159046,0.623153025826,5586,24647,561,25208,5751,165,19400,19233,167,31132
0.154,0.225602802216,0.621546961326,5539,24552,555,25107,5704,165,19350,19183,167,31132
0.155,0.224424735358,0.620262109726,5491,24467,543,25010,5656,165,19310,19143,167,31132
0.156,0.223256767842,0.618816651677,5443,24380,536,24916,5608,165,19265,19098,167,31132
0.157,0.22224050685,0.617628163947,5402,24307,530,24837,5567,165,19228,19061,167,31132
0.158,0.221236381644,0.616375433637,5361,24232,524,24756,5526,165,19189,19022,167,31132
0.159,0.220079457044,0.615443916228,5318,24164,517,24681,5483,165,19160,18993,167,31132
0.16,0.219065420561,0.613934215598,5274,24075,512,24587,5439,165,19113,18946,167,31132
0.161,0.218213631061,0.612713606578,5238,24004,507,24511,5403,165,19075,18908,167,31132
0.162,0.217336788431,0.611364512399,5200,23926,502,24428,5365,165,19033,18866,167,31132
0.163,0.216331837437,0.609919054349,5158,23843,494,24337,5323,165,18988,18821,167,31132
0.164,0.215421504291,0.60876268791,5121,23772,489,24261,5285,164,18952,18786,166,31132
0.165,0.214140987759,0.60757420018,5073,23690,483,24173,5235,162,18915,18751,164,31132
0.166,0.21364482817,0.60612874213,5048,23628,471,24099,5210,162,18870,18707,163,31132
0.167,0.212626841591,0.604972375691,5008,23553,465,24018,5170,162,18834,18671,163,31132
0.168,0.211544195953,0.603655402801,4966,23475,459,23934,5126,160,18793,18632,161,31132
0.169,0.210679196924,0.602531157651,4932,23410,452,23862,5092,160,18758,18597,161,31132
0.17,0.209761741515,0.601246306052,4895,23336,443,23779,5055,160,18718,18557,161,31132
0.171,0.208843625113,0.600250546062,4860,23271,441,23712,5020,160,18687,18526,161,31132
0.172,0.208230984702,0.598997815752,4832,23205,440,23645,4992,160,18648,18487,161,31132
0.173,0.207829243,0.597712964153,4810,23144,438,23582,4970,160,18608,18447,161,31132
0.174,0.207014653603,0.596267506103,4775,23066,435,23501,4935,160,18563,18402,161,31132
0.175,0.206221448771,0.594597199024,4740,22985,426,23411,4900,160,18511,18350,161,31132
0.176,0.205387940444,0.593055377104,4704,22903,420,23323,4864,160,18463,18302,161,31132
0.177,0.204285526489,0.591706282924,4662,22821,418,23239,4822,160,18421,18260,161,31132
0.178,0.203500131915,0.590196582295,4628,22742,414,23156,4788,160,18374,18213,161,31132
0.179,0.202461837113,0.588975973275,4589,22666,408,23074,4749,160,18336,18175,161,31132
0.18,0.201275690999,0.587305666196,4544,22576,400,22976,4704,160,18284,18123,161,31132
0.181,0.200471069238,0.585988693306,4511,22502,398,22900,4671,160,18243,18082,161,31132
0.182,0.199589853328,0.584735962996,4477,22431,394,22825,4637,160,18204,18043,161,31132
0.183,0.198675792958,0.583290504947,4441,22353,388,22741,4601,160,18159,17998,161,31132
0.184,0.197774587222,0.582166259797,4408,22288,382,22670,4568,160,18124,17963,161,31132
0.185,0.196823111191,0.581042014647,4374,22223,375,22598,4534,160,18089,17928,161,31132
0.186,0.195755249492,0.579660799178,4335,22145,368,22513,4495,160,18046,17885,161,31132
0.187,0.195118637928,0.578472311448,4309,22084,363,22447,4469,160,18009,17848,161,31132
0.188,0.194516437048,0.576512912759,4278,21993,358,22351,4438,160,17948,17787,161,31132
0.189,0.193651372799,0.575324425029,4246,21926,353,22279,4406,160,17911,17750,161,31132
0.19,0.192619385559,0.573782603109,4207,21841,349,22190,4367,160,17863,17702,161,31132
0.191,0.191627223014,0.57240138764,4170,21761,343,22104,4330,160,17820,17659,161,31132
0.192,0.190746117333,0.57134138507,4139,21699,337,22036,4299,160,17787,17626,161,31132
0.193,0.189676703205,0.56999229089,4101,21621,332,21953,4261,160,17745,17584,161,31132
0.194,0.188880638574,0.568514711551,4070,21548,326,21874,4230,160,17699,17538,161,31132
0.195,0.187945741854,0.566619555441,4032,21453,322,21775,4192,160,17640,17479,161,31132
0.196,0.187137511693,0.565206218682,4001,21380,320,21700,4161,160,17596,17435,161,31132
0.197,0.186048693531,0.564049852242,3966,21317,312,21629,4126,160,17560,17399,161,31132
0.198,0.185110190243,0.562475909033,3931,21236,306,21542,4091,160,17511,17350,161,31132
0.199,0.184348565758,0.560998329693,3901,21161,302,21463,4061,160,17465,17304,161,31132
0.2,0.183900958163,0.559199537453,3877,21082,296,21378,4037,160,17409,17248,161,31132
0.201,0.18372690916,0.557111653604,3859,21004,291,21295,4019,160,17344,17183,161,31132
0.202,0.182926246355,0.555377103944,3827,20921,286,21207,3987,160,17290,17129,161,31132
0.203,0.18195337235,0.553899524605,3793,20846,279,21125,3953,160,17244,17083,161,31132
0.204,0.181016622501,0.552068611075,3757,20755,276,21031,3917,160,17187,17026,161,31132
0.205,0.180213722741,0.550558910446,3727,20681,271,20952,3887,160,17140,16979,161,31132
0.206,0.179779643741,0.548760118206,3704,20603,269,20872,3864,160,17084,16923,161,31132
0.207,0.178698513283,0.547025568547,3666,20515,263,20778,3826,160,17030,16869,161,31132
0.208,0.177556818182,0.545066169857,3625,20416,257,20673,3785,160,16969,16808,161,31132
0.209,0.176736640283,0.543556469228,3595,20341,252,20593,3755,160,16922,16761,161,31132
0.21,0.175997235387,0.541693434408,3565,20256,249,20505,3725,160,16864,16703,161,31132
0.211,0.17525159883,0.539734035719,3535,20171,242,20413,3695,160,16803,16642,161,31132
0.212,0.174783388109,0.537517666709,3510,20082,235,20317,3670,160,16734,16573,161,31132
0.213,0.174095542674,0.53607220866,3484,20012,233,20245,3644,160,16689,16528,161,31132
0.214,0.173068233168,0.53417705255,3447,19917,230,20147,3607,160,16630,16469,161,31132
0.215,0.172389451924,0.532185532571,3419,19833,223,20056,3579,160,16568,16407,161,31132
0.216,0.171544303797,0.530483104201,3388,19750,221,19971,3548,160,16515,16354,161,31132
0.217,0.170885432551,0.528812797122,3362,19674,218,19892,3522,160,16463,16302,161,31132
0.218,0.169822877852,0.527270975202,3327,19591,218,19809,3487,160,16415,16254,161,31132
0.219,0.168998206508,0.525664910703,3298,19515,214,19729,3458,160,16365,16204,161,31132
0.22,0.16828878933,0.523448541693,3268,19419,210,19629,3428,160,16296,16135,161,31132
0.221,0.167623480734,0.521585506874,3241,19335,209,19544,3401,160,16238,16077,161,31132
0.222,0.166753192815,0.520107927534,3212,19262,204,19466,3372,160,16192,16031,161,31132
0.223,0.165867639396,0.518694590775,3183,19190,203,19393,3343,160,16148,15987,161,31132
0.224,0.164781652529,0.516895798535,3147,19098,202,19300,3307,160,16092,15931,161,31132
0.225,0.164220714323,0.514679429526,3122,19011,194,19205,3282,160,16023,15862,161,31132
0.226,0.163355874894,0.512816394706,3092,18928,187,19115,3252,160,15965,15804,161,31132
0.227,0.162419029415,0.510792753437,3059,18834,185,19019,3219,160,15902,15741,161,31132
0.228,0.161407249467,0.509347295387,3028,18760,182,18942,3188,160,15857,15696,161,31132
0.229,0.160824190527,0.507676988308,3005,18685,180,18865,3165,160,15805,15644,161,31132
0.23,0.159888250148,0.506231530258,2976,18613,177,18790,3136,160,15760,15599,161,31132
0.231,0.15935309973,0.504721829629,2956,18550,170,18720,3116,160,15713,15552,161,31132
0.232,0.158871928115,0.502826673519,2935,18474,164,18638,3095,160,15654,15493,161,31132
0.233,0.158209604612,0.50077091096,2909,18387,161,18548,3069,160,15590,15429,161,31132
0.234,0.157279431849,0.49897211872,2879,18305,155,18460,3038,159,15534,15374,160,31132
0.235,0.156800351127,0.497141205191,2858,18227,154,18381,3017,159,15477,15317,160,31132
0.236,0.156079554845,0.495470898111,2833,18151,153,18304,2991,158,15425,15266,159,31132
0.237,0.155646544569,0.493575742002,2813,18073,152,18225,2969,156,15366,15209,157,31132
0.238,0.155277777778,0.491648464602,2795,18000,145,18145,2949,154,15306,15151,155,31132
0.239,0.154623067909,0.489881793653,2771,17921,145,18066,2925,154,15251,15096,155,31132
0.24,0.153854773644,0.488307850443,2746,17848,142,17990,2900,154,15202,15047,155,31132
0.241,0.152914671923,0.486252087884,2715,17755,138,17893,2868,153,15138,14984,154,31132
0.242,0.152245221129,0.484646023384,2692,17682,138,17820,2845,153,15088,14934,154,31132
0.243,0.151623524069,0.483136322755,2671,17616,136,17752,2824,153,15041,14887,154,31132
0.244,0.150972451948,0.481209045355,2647,17533,135,17668,2800,153,14981,14827,154,31132
0.245,0.150108857568,0.479506616986,2620,17454,134,17588,2772,152,14928,14775,153,31132
0.246,0.149599953952,0.477547218296,2599,17373,132,17505,2751,152,14867,14714,153,31132
0.247,0.149156264448,0.475844789927,2581,17304,130,17434,2733,152,14814,14661,153,31132
0.248,0.14887689361,0.473917512527,2565,17229,127,17356,2715,150,14754,14603,151,31132
0.249,0.148102815177,0.472247205448,2541,17157,123,17280,2691,150,14702,14551,151,31132
0.25,0.147524694605,0.471155081588,2524,17109,118,17227,2673,149,14668,14518,150,31132
0.251,0.147100258277,0.469324168059,2506,17036,113,17149,2654,148,14611,14462,149,31132
0.252,0.14615747289,0.467910831299,2480,16968,111,17079,2627,147,14567,14419,148,31132
0.253,0.145742034822,0.46582294745,2461,16886,106,16992,2607,146,14502,14355,147,31132
0.254,0.145246740877,0.46367082102,2440,16799,103,16902,2586,146,14435,14288,147,31132
0.255,0.144709326642,0.462257484261,2422,16737,103,16840,2568,146,14391,14244,147,31132
0.256,0.144263082093,0.460490813311,2404,16664,101,16765,2548,144,14336,14191,145,31132
0.257,0.143761301989,0.458659899782,2385,16590,99,16689,2529,144,14279,14134,145,31132
0.258,0.143012836038,0.456989592702,2362,16516,98,16614,2506,144,14227,14082,145,31132
0.259,0.142397181216,0.455736862392,2344,16461,96,16557,2487,143,14188,14044,144,31132
0.26,0.141637184336,0.454259283053,2322,16394,94,16488,2465,143,14142,13998,144,31132
0.261,0.140869245387,0.452396248233,2298,16313,93,16406,2441,143,14084,13940,144,31132
0.262,0.140572131652,0.450854426314,2285,16255,90,16345,2427,142,14036,13893,143,31132
0.263,0.139734485952,0.449601696004,2263,16195,89,16284,2403,140,13997,13856,141,31132
0.264,0.139431121026,0.448059874085,2250,16137,82,16219,2389,139,13949,13809,140,31132
0.265,0.139184562714,0.446164717975,2236,16065,80,16145,2375,139,13890,13750,140,31132
0.266,0.138489433538,0.444526532186,2215,15994,78,16072,2354,139,13839,13699,140,31132
0.267,0.137824940349,0.442920467686,2195,15926,76,16002,2333,138,13789,13650,139,31132
0.268,0.137435380154,0.441314403186,2180,15862,75,15937,2318,138,13739,13600,139,31132
0.269,0.137071256803,0.439804702557,2166,15802,71,15873,2302,136,13692,13555,137,31132
0.27,0.137045512332,0.437877425157,2156,15732,71,15803,2290,134,13632,13497,135,31132
0.271,0.136523125997,0.436496209688,2140,15675,67,15742,2274,134,13589,13454,135,31132
0.272,0.135720233139,0.435179236798,2119,15613,67,15680,2253,134,13548,13413,135,31132
0.273,0.134933401969,0.433541051009,2097,15541,66,15607,2231,134,13497,13362,135,31132
0.274,0.134538411879,0.432320441989,2084,15490,66,15556,2218,134,13459,13324,135,31132
0.275,0.133696074621,0.431228318129,2064,15438,63,15501,2198,134,13425,13290,135,31132
0.276,0.133389698231,0.42959013234,2051,15376,61,15437,2185,134,13374,13239,135,31132
0.277,0.133002351712,0.4277913401,2036,15308,58,15366,2170,134,13318,13183,135,31132
0.278,0.132966168371,0.426217396891,2028,15252,56,15308,2162,134,13269,13134,135,31132
0.279,0.132459491503,0.424482847231,2011,15182,55,15237,2145,134,13215,13080,135,31132
0.28,0.131954539448,0.423358602081,1997,15134,54,15188,2131,134,13180,13045,135,31132
0.281,0.131392186775,0.422009507902,1981,15077,52,15129,2115,134,13138,13003,135,31132
0.282,0.130834276583,0.420660413722,1965,15019,52,15071,2099,134,13096,12961,135,31132
0.283,0.130658642594,0.418957985353,1954,14955,51,15006,2088,134,13043,12908,135,31132
0.284,0.130011416292,0.417448284723,1936,14891,50,14941,2070,134,12996,12861,135,31132
0.285,0.129548369675,0.415488886034,1919,14813,50,14863,2053,134,12935,12800,135,31132
0.286,0.128861788618,0.414300398304,1902,14760,48,14808,2036,134,12898,12763,135,31132
0.287,0.128444111844,0.412790697674,1888,14699,48,14747,2022,134,12851,12716,135,31132
0.288,0.128241878242,0.411537967365,1879,14652,47,14699,2013,134,12812,12677,135,31132
0.289,0.127926078029,0.410510086085,1869,14610,47,14657,2003,134,12780,12645,135,31132
0.29,0.127343910983,0.409321598355,1854,14559,46,14605,1988,134,12743,12608,135,31132
0.291,0.127008205199,0.407876140306,1842,14503,42,14545,1976,134,12698,12563,135,31132
0.292,0.126653278859,0.406173711936,1829,14441,38,14479,1963,134,12645,12510,135,31132
0.293,0.126301902514,0.405210073237,1819,14402,37,14439,1953,134,12615,12480,135,31132
0.294,0.126123615079,0.403828857767,1810,14351,36,14387,1944,134,12572,12437,135,31132
0.295,0.125655915483,0.402383399717,1796,14293,35,14328,1930,134,12527,12392,135,31132
0.296,0.125342321466,0.401066426828,1785,14241,35,14276,1919,134,12486,12351,135,31132
0.297,0.124832687566,0.400006424258,1772,14195,35,14230,1906,134,12453,12318,135,31132
0.298,0.124124761299,0.398753693948,1755,14139,35,14174,1889,134,12414,12279,135,31132
0.299,0.123811551015,0.397597327509,1745,14094,34,14128,1879,134,12378,12243,135,31132
0.3,0.123593104431,0.396119748169,1735,14038,34,14072,1869,134,12332,12197,135,31132
0.301,0.123128715708,0.39416034948,1719,13961,34,13995,1853,134,12271,12136,135,31132
0.302,0.122857554371,0.39207246563,1706,13886,31,13917,1840,134,12206,12071,135,31132
0.303,0.122240717956,0.390370037261,1689,13817,30,13847,1823,134,12153,12018,135,31132
0.304,0.121995497785,0.389181549531,1680,13771,30,13801,1814,134,12116,11981,135,31132
0.305,0.121972570762,0.387350636002,1672,13708,28,13736,1806,134,12059,11924,135,31132
0.306,0.121742313324,0.386065784402,1663,13660,26,13686,1797,134,12019,11884,135,31132
0.307,0.121479520553,0.384459719902,1652,13599,25,13624,1786,134,11969,11834,135,31132
0.308,0.120753323486,0.383110625723,1635,13540,24,13564,1769,134,11927,11792,135,31132
0.309,0.120178372352,0.380926378003,1617,13455,23,13478,1751,134,11859,11724,135,31132
0.31,0.119853818616,0.379737890274,1607,13408,23,13431,1741,134,11822,11687,135,31132
0.311,0.11933817474,0.378485159964,1594,13357,22,13379,1728,134,11783,11648,135,31132
0.312,0.119149575539,0.377264550944,1586,13311,22,13333,1720,134,11745,11610,135,31132
0.313,0.118650464186,0.375722729025,1572,13249,22,13271,1706,134,11697,11562,135,31132
0.314,0.118560606061,0.374373634845,1565,13200,21,13221,1699,134,11655,11520,135,31132
0.315,0.118403041825,0.373024540666,1557,13150,21,13171,1691,134,11613,11478,135,31132
0.316,0.118074130684,0.371322112296,1545,13085,21,13106,1679,134,11560,11425,135,31132
0.317,0.117502684461,0.370165745856,1532,13038,19,13057,1666,134,11524,11389,135,31132
0.318,0.116859122402,0.369041500707,1518,12990,18,13008,1652,134,11489,11354,135,31132
0.319,0.116435704885,0.367114223307,1504,12917,17,12934,1638,134,11429,11294,135,31132
0.32,0.11622483091,0.365668765258,1495,12863,17,12880,1629,134,11384,11249,135,31132
0.321,0.116329874386,0.364319671078,1491,12817,17,12834,1625,134,11342,11207,135,31132
0.322,0.115505335844,0.362520878838,1472,12744,15,12759,1606,134,11286,11151,135,31132
0.323,0.11517540402,0.360946935629,1461,12685,14,12699,1595,134,11237,11102,135,31132
0.324,0.114651696054,0.360047539509,1450,12647,13,12660,1584,134,11209,11074,135,31132
0.325,0.114512291832,0.359019658229,1444,12610,12,12622,1578,134,11177,11042,135,31132
0.326,0.114101441198,0.35773480663,1433,12559,12,12571,1567,134,11137,11002,135,31132
0.327,0.113632731341,0.35664268277,1422,12514,12,12526,1556,134,11103,10968,135,31132
0.328,0.113251464805,0.355229346011,1411,12459,12,12471,1545,134,11059,10924,135,31132
0.329,0.113081325058,0.353783887961,1403,12407,11,12418,1537,134,11014,10879,135,31132
0.33,0.112720504936,0.352499036361,1393,12358,10,12368,1527,134,10974,10839,135,31132
0.331,0.112772180695,0.351053578312,1388,12308,10,12318,1522,134,10929,10794,135,31132
0.332,0.112579539892,0.349704484132,1380,12258,10,12268,1513,133,10887,10753,134,31132
0.333,0.112421190535,0.348483875112,1373,12213,10,12223,1506,133,10849,10715,134,31132
0.334,0.111969746794,0.347263266093,1362,12164,10,12174,1495,133,10811,10677,134,31132
0.335,0.111862728923,0.346106899653,1356,12122,10,12132,1489,133,10775,10641,134,31132
0.336,0.111322786383,0.344918411923,1344,12073,9,12082,1477,133,10738,10604,134,31132
0.337,0.111055694098,0.343794166774,1336,12030,9,12039,1469,133,10703,10569,134,31132
0.338,0.110953414593,0.342348708724,1329,11978,9,11987,1462,133,10658,10524,134,31132
0.339,0.110924792488,0.340903250675,1323,11927,9,11936,1455,132,10613,10480,133,31132
0.34,0.110680592992,0.339393550045,1314,11872,8,11880,1446,132,10566,10433,133,31132
0.341,0.110264872641,0.337948091995,1303,11817,7,11824,1434,131,10521,10389,132,31132
0.342,0.110261637785,0.336598997816,1298,11772,5,11777,1428,130,10479,10349,130,31132
0.343,0.110201296486,0.335249903636,1292,11724,5,11729,1422,130,10437,10307,130,31132
0.344,0.109970047069,0.334222022356,1285,11685,5,11690,1415,130,10405,10275,130,31132
0.345,0.109679635833,0.333129898497,1277,11643,5,11648,1403,126,10371,10245,126,31132
0.346,0.109403333046,0.331459591417,1267,11581,5,11586,1391,124,10319,10195,124,31132
0.347,0.108982139761,0.330271103688,1257,11534,5,11539,1381,124,10282,10158,124,31132
0.348,0.108879032959,0.329307464988,1252,11499,5,11504,1376,124,10252,10128,124,31132
0.349,0.108542012041,0.328343826288,1244,11461,5,11466,1368,124,10222,10098,124,31132
0.35,0.108541392904,0.327026853398,1239,11415,5,11420,1362,123,10181,10058,123,31132
0.351,0.108680372518,0.326031093409,1237,11382,5,11387,1359,122,10150,10028,122,31132
0.352,0.108582517421,0.324778363099,1231,11337,5,11342,1353,122,10111,9989,122,31132
0.353,0.108493490391,0.323493511499,1225,11291,5,11296,1347,122,10071,9949,122,31132
0.354,0.108069676502,0.3225298728,1216,11252,5,11257,1338,122,10041,9919,122,31132
0.355,0.107821278873,0.32150199152,1209,11213,5,11218,1331,122,10009,9887,122,31132
0.356,0.106970077047,0.32034562508,1194,11162,5,11167,1316,122,9973,9851,122,31132
0.357,0.106834532374,0.319189258641,1188,11120,5,11125,1310,122,9937,9815,122,31132
0.358,0.106594399277,0.317840164461,1180,11070,5,11075,1301,121,9895,9774,121,31132
0.359,0.106562585096,0.316330463831,1174,11017,5,11022,1295,121,9848,9727,121,31132
0.36,0.106030242303,0.315366825132,1164,10978,4,10982,1284,120,9818,9698,120,31132
0.361,0.105970558654,0.314210458692,1159,10937,4,10941,1279,120,9782,9662,120,31132
0.362,0.105668684645,0.313311062572,1152,10902,4,10906,1272,120,9754,9634,120,31132
0.363,0.105079131395,0.312540151612,1142,10868,4,10872,1262,120,9730,9610,120,31132
0.364,0.104699473733,0.311608634203,1134,10831,4,10835,1254,120,9701,9581,120,31132
0.365,0.104868567197,0.310773480663,1133,10804,4,10808,1253,120,9675,9555,120,31132
0.366,0.104617671653,0.309649235513,1126,10763,3,10766,1246,120,9640,9520,120,31132
0.367,0.104325936976,0.308685596814,1119,10726,3,10729,1238,119,9610,9491,119,31132
0.368,0.103770936652,0.307754079404,1109,10687,3,10690,1228,119,9581,9462,119,31132
0.369,0.103532506576,0.306597712964,1102,10644,3,10647,1221,119,9545,9426,119,31132
0.37,0.103458023179,0.305730438134,1098,10613,3,10616,1217,119,9518,9399,119,31132
0.371,0.103278843428,0.304927405885,1093,10583,3,10586,1212,119,9493,9374,119,31132
0.372,0.102513039355,0.304060131055,1081,10545,2,10547,1200,119,9466,9347,119,31132
0.373,0.102349472082,0.303192856225,1076,10513,2,10515,1195,119,9439,9320,119,31132
0.374,0.102260803205,0.302357702685,1072,10483,2,10485,1191,119,9413,9294,119,31132
0.375,0.101991955564,0.301265578826,1065,10442,2,10444,1184,119,9379,9260,119,31132
0.376,0.101999615459,0.300109212386,1061,10402,2,10404,1180,119,9343,9224,119,31132
0.377,0.101629543921,0.299338301426,1054,10371,2,10373,1173,119,9319,9200,119,31132
0.378,0.10087040619,0.298663754336,1043,10340,1,10341,1162,119,9298,9179,119,31132
0.379,0.100796271121,0.297475266607,1038,10298,1,10299,1157,119,9261,9142,119,31132
0.38,0.100175404405,0.296640113067,1028,10262,1,10263,1147,119,9235,9116,119,31132
0.381,0.0999315537303,0.295708595657,1022,10227,1,10228,1141,119,9206,9087,119,31132
0.382,0.0999705680369,0.294712835667,1019,10193,1,10194,1138,119,9175,9056,119,31132
0.383,0.0997341734764,0.293749196968,1013,10157,1,10158,1132,119,9145,9026,119,31132
0.384,0.0989912974684,0.292689194398,1001,10112,1,10113,1120,119,9112,8993,119,31132
0.385,0.0987495037713,0.291725555698,995,10076,1,10077,1114,119,9082,8963,119,31132
0.386,0.0988244670253,0.290601310549,992,10038,1,10039,1111,119,9047,8928,119,31132
0.387,0.0982392957183,0.289573429269,982,9996,1,9997,1101,119,9015,8896,119,31132
0.388,0.0982259196151,0.289027367339,980,9977,1,9978,1099,119,8998,8879,119,31132
0.389,0.0975855130785,0.288160092509,970,9940,1,9941,1089,119,8971,8852,119,31132
0.39,0.0972460405528,0.28748554542,964,9913,1,9914,1083,119,8950,8831,119,31132
0.391,0.0970254957507,0.28671463446,959,9884,1,9885,1078,119,8926,8807,119,31132
0.392,0.0970686682219,0.28597584479,957,9859,1,9860,1076,119,8903,8784,119,31132
0.393,0.0970005083884,0.28526917641,954,9835,0,9835,1073,119,8881,8762,119,31132
0.394,0.0968498317871,0.28456250803,950,9809,0,9809,1069,119,8859,8740,119,31132
0.395,0.096992019644,0.283502505461,948,9774,0,9774,1067,119,8826,8707,119,31132
0.396,0.0969099681758,0.282570988051,944,9741,0,9741,1063,119,8797,8678,119,31132
0.397,0.0969634585692,0.281800077091,942,9715,0,9715,1061,119,8773,8654,119,31132
0.398,0.0970372664396,0.280964923551,940,9687,0,9687,1059,119,8747,8628,119,31132
0.399,0.0965738536383,0.280354619042,933,9661,0,9661,1052,119,8728,8609,119,31132
0.4,0.0961817804524,0.279808557112,927,9638,0,9638,1046,119,8711,8592,119,31132
0.401,0.095769070446,0.278716433252,919,9596,0,9596,1038,119,8677,8558,119,31132
0.402,0.0950788841291,0.278202492612,910,9571,0,9571,1029,119,8661,8542,119,31132
0.403,0.0951232302045,0.277142490042,907,9535,0,9535,1026,119,8628,8509,119,31132
0.404,0.0946315789474,0.276275215213,899,9500,0,9500,1018,119,8601,8482,119,31132
0.405,0.0945131620679,0.275118848773,894,9459,0,9459,1013,119,8565,8446,119,31132
0.406,0.0941376020354,0.274476422973,888,9433,0,9433,1007,119,8545,8426,119,31132
0.407,0.0937832659144,0.273448541693,881,9394,0,9394,1000,119,8513,8394,119,31132
0.408,0.0930953398888,0.272549145574,871,9356,0,9356,990,119,8485,8366,119,31132
0.409,0.0928885551861,0.271649749454,866,9323,0,9323,985,119,8457,8338,119,31132
0.41,0.0925925925926,0.270718232044,860,9288,0,9288,979,119,8428,8309,119,31132
0.411,0.0923343064115,0.269658229474,854,9249,0,9249,973,119,8395,8276,119,31132
0.412,0.092063836717,0.268630348195,848,9211,0,9211,967,119,8363,8244,119,31132
0.413,0.0918200631739,0.267827315945,843,9181,0,9181,962,119,8338,8219,119,31132
0.414,0.0914954088325,0.266960041115,837,9148,0,9148,956,119,8311,8192,119,31132
0.415,0.0908791931594,0.266381857895,829,9122,0,9122,948,119,8293,8174,119,31132
0.416,0.0902892334763,0.265707310806,821,9093,0,9093,940,119,8272,8153,119,31132
0.417,0.0898454746137,0.264872157266,814,9060,0,9060,933,119,8246,8127,119,31132
0.418,0.0895092500277,0.264004882436,808,9027,0,9027,927,119,8219,8100,119,31132
0.419,0.0891012109766,0.263362456636,802,9001,0,9001,921,119,8199,8080,119,31132
0.42,0.0890128276631,0.262334575357,798,8965,0,8965,917,119,8167,8048,119,31132
0.421,0.0888143176734,0.261660028267,794,8940,0,8940,913,119,8146,8027,119,31132
0.422,0.0882452004042,0.260856996017,786,8907,0,8907,905,119,8121,8002,119,31132
0.423,0.0879009566685,0.260310934087,781,8885,0,8885,900,119,8104,7985,119,31132
0.424,0.0877806611757,0.259700629577,778,8863,0,8863,897,119,8085,7966,119,31132
0.425,0.0872916902845,0.258608505718,770,8821,0,8821,889,119,8051,7932,119,31132
0.426,0.0864717260212,0.257901837338,760,8789,0,8789,879,119,8029,7910,119,31132
0.427,0.0860178204249,0.257002441218,753,8754,0,8754,872,119,8001,7882,119,31132
0.428,0.0861732644865,0.255813953488,751,8715,0,8715,869,118,7964,7846,118,31132
0.429,0.0860400829302,0.254882436079,747,8682,0,8682,865,118,7935,7817,118,31132
0.43,0.0858562514444,0.254111525119,743,8654,0,8654,861,118,7911,7793,118,31132
0.431,0.0857308584687,0.253147886419,739,8620,0,8620,855,116,7881,7765,116,31132
0.432,0.0856511113697,0.252376975459,736,8593,0,8593,851,115,7857,7742,115,31132
0.433,0.0855608731178,0.25163818579,733,8567,0,8567,848,115,7834,7719,115,31132
0.434,0.085255884764,0.25089939612,728,8539,0,8539,843,115,7811,7696,115,31132
0.435,0.0852139163141,0.25,725,8508,0,8508,839,114,7783,7669,114,31132
0.436,0.0848756336202,0.2493575742,720,8483,0,8483,834,114,7763,7649,114,31132
0.437,0.0845753489472,0.24858666324,715,8454,0,8454,828,113,7739,7626,113,31132
0.438,0.0843516431368,0.247912116151,711,8429,0,8429,824,113,7718,7605,113,31132
0.439,0.084483579248,0.247141205191,710,8404,0,8404,821,111,7694,7583,111,31132
0.44,0.084239455132,0.246177566491,705,8369,0,8369,814,109,7664,7555,109,31132
0.441,0.0833333333333,0.245567261981,695,8340,0,8340,804,109,7645,7536,109,31132
0.442,0.0833233136948,0.244892714891,693,8317,0,8317,802,109,7624,7515,109,31132
0.443,0.0824990954047,0.244346652962,684,8291,0,8291,793,109,7607,7498,109,31132
0.444,0.082416918429,0.243896954902,682,8275,0,8275,789,107,7593,7486,107,31132
0.445,0.0821103699212,0.243093922652,677,8245,0,8245,783,106,7568,7462,106,31132
0.446,0.082035053554,0.242258769112,674,8216,0,8216,780,106,7542,7436,106,31132
0.447,0.0819291819292,0.241519979442,671,8190,0,8190,776,105,7519,7414,105,31132
0.448,0.0819652046067,0.240684825903,669,8162,0,8162,774,105,7493,7388,105,31132
0.449,0.0819510996437,0.240010278813,667,8139,0,8139,772,105,7472,7367,105,31132
0.45,0.081740845765,0.239239367853,663,8111,0,8111,768,105,7448,7343,105,31132
0.451,0.0813118811881,0.238436335603,657,8080,0,8080,762,105,7423,7318,105,31132
0.452,0.0810575968222,0.237793909803,653,8056,0,8056,758,105,7403,7298,105,31132
0.453,0.0812593330015,0.237151484004,653,8036,0,8036,758,105,7383,7278,105,31132
0.454,0.0813474734872,0.236509058204,652,8015,0,8015,755,103,7363,7260,103,31132
0.455,0.0811013767209,0.235834511114,648,7990,0,7990,751,103,7342,7239,103,31132
0.456,0.0810946522722,0.235127842734,646,7966,0,7966,748,102,7320,7218,102,31132
0.457,0.081002771479,0.234324810484,643,7938,0,7938,745,102,7295,7193,102,31132
0.458,0.0809102402023,0.233521778235,640,7910,0,7910,742,102,7270,7168,102,31132
0.459,0.0811564798377,0.232750867275,640,7886,0,7886,741,101,7246,7145,101,31132
0.46,0.0811188811189,0.232140562765,638,7865,0,7865,737,99,7227,7128,99,31132
0.461,0.0811775200714,0.231594500835,637,7847,0,7847,735,98,7210,7112,98,31132
0.462,0.0809049079755,0.230984196325,633,7824,0,7824,731,98,7191,7093,98,31132
0.463,0.0809633615168,0.230438134395,632,7806,0,7806,730,98,7174,7076,98,31132
0.464,0.0808379385683,0.229731466016,629,7781,0,7781,727,98,7152,7054,98,31132
0.465,0.0808510638298,0.228960555056,627,7755,0,7755,725,98,7128,7030,98,31132
0.466,0.0808224492435,0.228318129256,625,7733,0,7733,723,98,7108,7010,98,31132
0.467,0.0809128630705,0.227675703456,624,7712,0,7712,722,98,7088,6990,98,31132
0.468,0.0806661462399,0.226969035076,620,7686,0,7686,718,98,7066,6968,98,31132
0.469,0.0805693392531,0.226166002827,617,7658,0,7658,714,97,7041,6944,97,31132
0.47,0.0803875360042,0.225619940897,614,7638,0,7638,711,97,7024,6927,97,31132
0.471,0.08,0.225330849287,610,7625,0,7625,707,97,7015,6918,97,31132
0.472,0.0797368421053,0.224656302197,606,7600,0,7600,703,97,6994,6897,97,31132
0.473,0.079957778071,0.223981755107,606,7579,0,7579,703,97,6973,6876,97,31132
0.474,0.0800794176042,0.223242965437,605,7555,0,7555,702,97,6950,6853,97,31132
0.475,0.079495686795,0.222793267378,599,7535,0,7535,696,97,6936,6839,97,31132
0.476,0.0794411177645,0.222215084158,597,7515,0,7515,693,96,6918,6822,96,31132
0.477,0.0789965305578,0.221701143518,592,7494,0,7494,687,95,6902,6807,95,31132
0.478,0.0789403264651,0.221122960298,590,7474,0,7474,684,94,6884,6790,94,31132
0.479,0.0787391012743,0.220609019658,587,7455,0,7455,680,93,6868,6775,93,31132
0.48,0.0786214324179,0.219838108698,584,7428,0,7428,677,93,6844,6751,93,31132
0.481,0.0786699107867,0.218938712579,582,7398,0,7398,674,92,6816,6724,92,31132
0.482,0.0786547328451,0.218232044199,580,7374,0,7374,672,92,6794,6702,92,31132
0.483,0.0787005572924,0.217718103559,579,7357,0,7357,670,91,6778,6687,91,31132
0.484,0.0784955028618,0.217204162919,576,7338,0,7338,667,91,6762,6671,91,31132
0.485,0.0780267832741,0.216722343569,571,7318,0,7318,661,90,6747,6657,90,31132
0.486,0.0780608052588,0.216240524219,570,7302,0,7302,659,89,6732,6643,89,31132
0.487,0.0780949766676,0.21575870487,569,7286,0,7286,658,89,6717,6628,89,31132
0.488,0.0779185022026,0.21514840036,566,7264,0,7264,655,89,6698,6609,89,31132
0.489,0.0779525386313,0.21466658101,565,7248,0,7248,653,88,6683,6595,88,31132
0.49,0.0780494543445,0.2143774894,565,7239,0,7239,652,87,6674,6587,87,31132
0.491,0.077934662237,0.21395991263,563,7224,0,7224,650,87,6661,6574,87,31132
0.492,0.0778409879284,0.21347809328,561,7207,0,7207,648,87,6646,6559,87,31132
0.493,0.0777468706537,0.21299627393,559,7190,0,7190,645,86,6631,6545,86,31132
0.494,0.0775128955806,0.21254657587,556,7173,0,7173,642,86,6617,6531,86,31132
0.495,0.077418451631,0.211679301041,553,7143,0,7143,639,86,6590,6504,86,31132
0.496,0.0774410774411,0.211229602981,552,7128,0,7128,638,86,6576,6490,86,31132
0.497,0.0775934776497,0.210779904921,552,7114,0,7114,638,86,6562,6476,86,31132
0.498,0.0776384387769,0.210265964281,551,7097,0,7097,637,86,6546,6460,86,31132
0.499,0.0775095298602,0.209880508801,549,7083,0,7083,634,85,6534,6449,85,31132
0.5,0.0771845347684,0.209302325581,545,7061,0,7061,628,83,6516,6433,83,31132
0.501,0.0772623790552,0.208306565592,543,7028,0,7028,626,83,6485,6402,83,31132
0.502,0.0771759325425,0.207407169472,540,6997,0,6997,623,83,6457,6374,83,31132
0.503,0.0765035165782,0.206668379802,533,6967,0,6967,616,83,6434,6351,83,31132
0.504,0.0763688760807,0.205897468842,530,6940,0,6940,613,83,6410,6327,83,31132
0.505,0.0760555234239,0.205255043043,526,6916,0,6916,607,81,6390,6309,81,31132
0.506,0.0761766835626,0.204901708853,526,6905,0,6905,607,81,6379,6298,81,31132
0.507,0.0760063944194,0.204227161763,523,6881,0,6881,603,80,6358,6278,80,31132
0.508,0.0759807495989,0.203520493383,521,6857,0,6857,600,79,6336,6257,79,31132
0.509,0.0757420675537,0.203038674033,518,6839,0,6839,596,78,6321,6243,78,31132
0.51,0.0753886770314,0.202492612103,514,6818,0,6818,591,77,6304,6227,77,31132
0.511,0.0750331028395,0.201946550173,510,6797,0,6797,587,77,6287,6210,77,31132
0.512,0.0750737463127,0.201432609534,509,6780,0,6780,585,76,6271,6195,76,31132
0.513,0.0752179695581,0.201015032764,509,6767,0,6767,584,75,6258,6183,75,31132
0.514,0.0752704104312,0.200468970834,508,6749,0,6749,583,75,6241,6166,75,31132
0.515,0.0751152759185,0.199730181164,505,6723,0,6723,580,75,6218,6143,75,31132
0.516,0.0750858337065,0.199023512784,503,6699,0,6699,578,75,6196,6121,75,31132
0.517,0.075104727708,0.198573814724,502,6684,0,6684,575,73,6182,6109,73,31132
0.518,0.0749474316612,0.197835025055,499,6658,0,6658,572,73,6159,6086,73,31132
0.519,0.0744424352019,0.197288963125,494,6636,0,6636,567,73,6142,6069,73,31132
0.52,0.0741579821779,0.196903507645,491,6621,0,6621,564,73,6130,6057,73,31132
0.521,0.0743601393306,0.196325324425,491,6603,0,6603,563,72,6112,6040,72,31132
0.522,0.0742484057091,0.195843505075,489,6586,0,6586,561,72,6097,6025,72,31132
0.523,0.0737066992217,0.194976230245,483,6553,0,6553,555,72,6070,5998,72,31132
0.524,0.0737792744528,0.194365925736,482,6533,0,6533,553,71,6051,5980,71,31132
0.525,0.0735565110565,0.193787742516,479,6512,0,6512,550,71,6033,5962,71,31132
0.526,0.0735090152566,0.193113195426,477,6489,0,6489,548,71,6012,5941,71,31132
0.527,0.0735475896168,0.192599254786,476,6472,0,6472,547,71,5996,5925,71,31132
0.528,0.0729360645562,0.191892586406,470,6444,0,6444,540,70,5974,5904,70,31132
0.529,0.0727951469902,0.191475009636,468,6429,0,6429,538,70,5961,5891,70,31132
0.53,0.0725542206272,0.190928947707,465,6409,0,6409,534,69,5944,5875,69,31132
0.531,0.0724569640063,0.190382885777,463,6390,0,6390,531,68,5927,5859,68,31132
0.532,0.0723250705993,0.189933187717,461,6374,0,6374,529,68,5913,5845,68,31132
0.533,0.0723953415172,0.189322883207,460,6354,0,6354,527,67,5894,5827,67,31132
0.534,0.0720834650648,0.188551972247,456,6326,0,6326,522,66,5870,5804,66,31132
0.535,0.072029192448,0.187877425157,454,6303,0,6303,519,65,5849,5784,65,31132
0.536,0.0717581543357,0.187395605808,451,6285,0,6285,516,65,5834,5769,65,31132
0.537,0.0713715471819,0.186817422588,447,6263,0,6263,511,64,5816,5752,64,31132
0.538,0.0711310477411,0.186239239368,444,6242,0,6242,508,64,5798,5734,64,31132
0.539,0.0713826366559,0.185532570988,444,6220,0,6220,508,64,5776,5712,64,31132
0.54,0.070979190192,0.184986509058,440,6199,0,6199,504,64,5759,5695,64,31132
0.541,0.0706776645641,0.184568932288,437,6183,0,6183,500,63,5746,5683,63,31132
0.542,0.0705710577547,0.184022870358,435,6164,0,6164,498,63,5729,5666,63,31132
0.543,0.0699414443722,0.183669536169,430,6148,0,6148,493,63,5718,5655,63,31132
0.544,0.0700782268579,0.183284080689,430,6136,0,6136,493,63,5706,5643,63,31132
0.545,0.0702384841555,0.182834382629,430,6122,0,6122,493,63,5692,5629,63,31132
0.546,0.0700376370479,0.182545291019,428,6111,0,6111,491,63,5683,5620,63,31132
0.547,0.0699048244175,0.182063471669,426,6094,0,6094,489,63,5668,5605,63,31132
0.548,0.0697368421053,0.181678016189,424,6080,0,6080,486,62,5656,5594,62,31132
0.549,0.0698402240158,0.181388924579,424,6071,0,6071,486,62,5647,5585,62,31132
0.55,0.0697174954568,0.180874983939,422,6053,0,6053,484,62,5631,5569,62,31132
0.551,0.0694398409016,0.180361043299,419,6034,0,6034,480,61,5615,5554,61,31132
0.552,0.0694467519522,0.17991134524,418,6019,0,6019,479,61,5601,5540,61,31132
0.553,0.0687760199833,0.17962225363,413,6005,0,6005,474,61,5592,5531,61,31132
0.554,0.0688157674962,0.1790761917,412,5987,0,5987,473,61,5575,5514,61,31132
0.555,0.0687112451818,0.17849800848,410,5967,0,5967,470,60,5557,5497,60,31132
0.556,0.0685944855414,0.17795194655,408,5948,0,5948,467,59,5540,5481,59,31132
0.557,0.0686456400742,0.17737376333,407,5929,0,5929,466,59,5522,5463,59,31132
0.558,0.0685163254948,0.17685982269,405,5911,0,5911,464,59,5506,5447,59,31132
0.559,0.0679117147708,0.176345882051,400,5890,0,5890,457,57,5490,5433,57,31132
0.56,0.0677562138236,0.175896183991,398,5874,0,5874,455,57,5476,5419,57,31132
0.561,0.067747440273,0.175478607221,397,5860,0,5860,454,57,5463,5406,57,31132
0.562,0.0677154582763,0.175125273031,396,5848,0,5848,453,57,5452,5395,57,31132
0.563,0.0675814751286,0.174611332391,394,5830,0,5830,451,57,5436,5379,57,31132
0.564,0.0673771055345,0.174290119491,392,5818,0,5818,449,57,5426,5369,57,31132
0.565,0.0675047356639,0.173936785301,392,5807,0,5807,449,57,5415,5358,57,31132
0.566,0.0673226307613,0.173551329821,390,5793,0,5793,447,57,5403,5346,57,31132
0.567,0.0669318574888,0.173294359501,387,5782,0,5782,444,57,5395,5338,57,31132
0.568,0.0669325472516,0.172844661442,386,5767,0,5767,443,57,5381,5324,57,31132
0.569,0.0669216061185,0.172427084672,385,5753,0,5753,442,57,5368,5311,57,31132
0.57,0.0668873018638,0.172073750482,384,5741,0,5741,441,57,5357,5300,57,31132
0.571,0.0665502183406,0.171656173712,381,5725,0,5725,438,57,5344,5287,57,31132
0.572,0.0662344489224,0.171174354362,378,5707,0,5707,434,56,5329,5273,56,31132
0.573,0.0660112359551,0.170885262752,376,5696,0,5696,432,56,5320,5264,56,31132
0.574,0.0657987332864,0.170564049852,374,5684,0,5684,429,55,5310,5255,55,31132
0.575,0.0657964367613,0.170114351792,373,5669,0,5669,428,55,5296,5241,55,31132
0.576,0.0655940594059,0.169761017602,371,5656,0,5656,425,54,5285,5231,54,31132
0.577,0.0650709219858,0.169375562123,367,5640,0,5640,421,54,5273,5219,54,31132
0.578,0.0650435400746,0.168990106643,366,5627,0,5627,420,54,5261,5207,54,31132
0.579,0.065050793085,0.168508287293,365,5611,0,5611,419,54,5246,5192,54,31132
0.58,0.065166934476,0.168187074393,365,5601,0,5601,419,54,5236,5182,54,31132
0.581,0.0649257735647,0.167930104073,363,5591,0,5591,416,53,5228,5175,53,31132
0.582,0.0651471643934,0.167319799563,363,5572,0,5572,416,53,5209,5156,53,31132
0.583,0.065119625832,0.166934344083,362,5559,0,5559,415,53,5197,5144,53,31132
0.584,0.0647430117223,0.166581009893,359,5545,0,5545,412,53,5186,5133,53,31132
0.585,0.0647612156295,0.166067069254,358,5528,0,5528,411,53,5170,5117,53,31132
0.586,0.0643465651622,0.165810098934,355,5517,0,5517,408,53,5162,5109,53,31132
0.587,0.0642468239564,0.165617371194,354,5510,0,5510,407,53,5156,5103,53,31132
0.588,0.0640932265113,0.165103430554,352,5492,0,5492,403,51,5140,5089,51,31132
0.589,0.0641984315156,0.164814338944,352,5483,0,5483,403,51,5131,5080,51,31132
0.59,0.064055636896,0.164268277014,350,5464,0,5464,401,51,5114,5063,51,31132
0.591,0.0637829912023,0.164075549274,348,5456,0,5456,398,50,5108,5058,50,31132
0.592,0.06394707828,0.163625851214,348,5442,0,5442,398,50,5094,5044,50,31132
0.593,0.0640530093871,0.163336759604,348,5433,0,5433,398,50,5085,5035,50,31132
0.594,0.0638140907414,0.163047667994,346,5422,0,5422,396,50,5076,5026,50,31132
0.595,0.0635859519409,0.162726455094,344,5410,0,5410,394,50,5066,5016,50,31132
0.596,0.0637037037037,0.162405242195,344,5400,0,5400,394,50,5056,5006,50,31132
0.597,0.0636160714286,0.161698573815,342,5376,0,5376,391,49,5034,4985,49,31132
0.598,0.063512758428,0.161505846075,341,5369,0,5369,390,49,5028,4979,49,31132
0.599,0.0635276532138,0.160991905435,340,5352,0,5352,389,49,5012,4963,49,31132
0.6,0.0630967983524,0.160734935115,337,5341,0,5341,386,49,5004,4955,49,31132
0.601,0.0628173782208,0.160060388025,334,5317,0,5317,382,48,4983,4935,48,31132
0.602,0.0627125047223,0.159385840935,332,5294,0,5294,380,48,4962,4914,48,31132
0.603,0.0623224095473,0.159000385455,329,5279,0,5279,377,48,4950,4902,48,31132
0.604,0.0623218696561,0.158518566106,328,5263,0,5263,376,48,4935,4887,48,31132
0.605,0.062118902439,0.158100989336,326,5248,0,5248,374,48,4922,4874,48,31132
0.606,0.0619029423003,0.157715533856,324,5234,0,5234,372,48,4910,4862,48,31132
0.607,0.0616004605642,0.157073108056,321,5211,0,5211,369,48,4890,4842,48,31132
0.608,0.0617782909931,0.156591288706,321,5196,0,5196,368,47,4875,4828,47,31132
0.609,0.0616186980877,0.156045226776,319,5177,0,5177,366,47,4858,4811,47,31132
0.61,0.0618336886994,0.155467043556,319,5159,0,5159,366,47,4840,4793,47,31132
0.611,0.0619658119658,0.155113709367,319,5148,0,5148,366,47,4829,4782,47,31132
0.612,0.0610493465965,0.154631890017,313,5127,0,5127,360,47,4814,4767,47,31132
0.613,0.0613004308656,0.153957342927,313,5106,0,5106,359,46,4793,4747,46,31132
0.614,0.0614689709348,0.153507644867,313,5092,0,5092,359,46,4779,4733,46,31132
0.615,0.0613170347003,0.152929461647,311,5072,0,5072,357,46,4761,4715,46,31132
0.616,0.061031009283,0.152704612617,309,5063,0,5063,355,46,4754,4708,46,31132
0.617,0.0609659540776,0.152383399717,308,5052,0,5052,354,46,4744,4698,46,31132
0.618,0.0607745779543,0.151901580367,306,5035,0,5035,352,46,4729,4683,46,31132
0.619,0.0606723692063,0.151676731338,305,5027,0,5027,351,46,4722,4676,46,31132
0.62,0.0606907566381,0.151130669408,304,5009,0,5009,349,45,4705,4660,45,31132
0.621,0.0606121224245,0.150841577798,303,4999,0,4999,348,45,4696,4651,45,31132
0.622,0.0606060606061,0.150359758448,302,4983,0,4983,347,45,4681,4636,45,31132
0.623,0.0604229607251,0.149845817808,300,4965,0,4965,345,45,4665,4620,45,31132
0.624,0.0604406711138,0.149299755878,299,4947,0,4947,344,45,4648,4603,45,31132
0.625,0.0604217356042,0.148850057818,298,4932,0,4932,342,44,4634,4590,44,31132
0.626,0.0605937372916,0.148400359758,298,4918,0,4918,342,44,4620,4576,44,31132
0.627,0.0605381165919,0.148047025569,297,4906,0,4906,341,44,4609,4565,44,31132
0.628,0.0602088879787,0.147404599769,294,4883,0,4883,337,43,4589,4546,43,31132
0.629,0.0603696098563,0.146987022999,294,4870,0,4870,337,43,4576,4533,43,31132
0.63,0.0601813685078,0.146473082359,292,4852,0,4852,335,43,4560,4517,43,31132
0.631,0.060111547201,0.146151869459,291,4841,0,4841,334,43,4550,4507,43,31132
0.632,0.0599212108646,0.145637928819,289,4823,0,4823,332,43,4534,4491,43,31132
0.633,0.0596921797005,0.145220352049,287,4808,0,4808,330,43,4521,4478,43,31132
0.634,0.0597418817652,0.145091866889,287,4804,0,4804,330,43,4517,4474,43,31132
0.635,0.0597077244259,0.144674290119,286,4790,0,4790,329,43,4504,4461,43,31132
0.636,0.0594515386226,0.14432095593,284,4777,0,4777,327,43,4493,4450,43,31132
0.637,0.0594912760143,0.14371065142,283,4757,0,4757,326,43,4474,4431,43,31132
0.638,0.0594560404807,0.14329307465,282,4743,0,4743,325,43,4461,4418,43,31132
0.639,0.0593453009504,0.14306822562,281,4735,0,4735,324,43,4454,4411,43,31132
0.64,0.0591101694915,0.14265064885,279,4720,0,4720,322,43,4441,4398,43,31132
0.641,0.0588360237893,0.14232943595,277,4708,0,4708,320,43,4431,4388,43,31132
0.642,0.0587359012556,0.14207246563,276,4699,0,4699,318,42,4423,4381,42,31132
0.643,0.0587606837607,0.14149428241,275,4680,0,4680,316,41,4405,4364,41,31132
0.644,0.0586088449979,0.140851856611,273,4658,0,4658,314,41,4385,4344,41,31132
0.645,0.0583925878044,0.140370037261,271,4641,0,4641,311,40,4370,4330,40,31132
0.646,0.0583153347732,0.140048824361,270,4630,0,4630,310,40,4360,4320,40,31132
0.647,0.0584668687744,0.139663368881,270,4618,0,4618,310,40,4348,4308,40,31132
0.648,0.0578764142733,0.139085185661,266,4596,0,4596,305,39,4330,4291,39,31132
0.649,0.0578097731239,0.138731851471,265,4584,0,4584,304,39,4319,4280,39,31132
0.65,0.0571866783523,0.138217910831,261,4564,0,4564,300,39,4303,4264,39,31132
0.651,0.0569230769231,0.137832455351,259,4550,0,4550,298,39,4291,4252,39,31132
0.652,0.0568281938326,0.137543363741,258,4540,0,4540,297,39,4282,4243,39,31132
0.653,0.0565495913408,0.137190029552,256,4527,0,4527,295,39,4271,4232,39,31132
0.654,0.0564409030544,0.136933059232,255,4518,0,4518,294,39,4263,4224,39,31132
0.655,0.0563692853972,0.136579725042,254,4506,0,4506,293,39,4252,4213,39,31132
0.656,0.0556421099488,0.136290633432,250,4493,0,4493,289,39,4243,4204,39,31132
0.657,0.0551585529254,0.135905177952,247,4478,0,4478,286,39,4231,4192,39,31132
0.658,0.0550951847704,0.135519722472,246,4465,0,4465,285,39,4219,4180,39,31132
0.659,0.0549204214302,0.135423358602,245,4461,0,4461,284,39,4216,4177,39,31132
0.66,0.0544554455446,0.134973660542,242,4444,0,4444,281,39,4202,4163,39,31132
0.661,0.0543282236249,0.134748811512,241,4436,0,4436,278,37,4195,4158,37,31132
0.662,0.0541883043576,0.134556083772,240,4429,0,4429,277,37,4189,4152,37,31132
0.663,0.0536199095023,0.134363356032,237,4420,0,4420,274,37,4183,4146,37,31132
0.664,0.0533363595098,0.133977900552,235,4406,0,4406,272,37,4171,4134,37,31132
0.665,0.0526076064678,0.133624566363,231,4391,0,4391,267,36,4160,4124,36,31132
0.666,0.0527276877425,0.133303353463,231,4381,0,4381,265,34,4150,4116,34,31132
0.667,0.0521858548867,0.133014261853,228,4369,0,4369,262,34,4141,4107,34,31132
0.668,0.0516410374111,0.132725170243,225,4357,0,4357,257,32,4132,4100,32,31132
0.669,0.0508279668813,0.132564563793,221,4348,0,4348,253,32,4127,4095,32,31132
0.67,0.0506795669201,0.132371836053,220,4341,0,4341,252,32,4121,4089,32,31132
0.671,0.0501270501271,0.132082744443,217,4329,0,4329,249,32,4112,4080,32,31132
0.672,0.0500231588698,0.131761531543,216,4318,0,4318,248,32,4102,4070,32,31132
0.673,0.0497558707277,0.131279712193,214,4301,0,4301,246,32,4087,4055,32,31132
0.674,0.0498834498834,0.130926378003,214,4290,0,4290,246,32,4076,4044,32,31132
0.675,0.0496487119438,0.130348194784,212,4270,0,4270,244,32,4058,4026,32,31132
0.676,0.0497185741088,0.130155467044,212,4264,0,4264,244,32,4052,4020,32,31132
0.677,0.0496003761166,0.129866375434,211,4254,0,4254,243,32,4043,4011,32,31132
0.678,0.0496821285613,0.129641526404,211,4247,0,4247,243,32,4036,4004,32,31132
0.679,0.0495166234379,0.129480919954,210,4241,0,4241,242,32,4031,3999,32,31132
0.68,0.049633656346,0.129159707054,210,4231,0,4231,242,32,4021,3989,32,31132
0.681,0.0495260663507,0.128838494154,209,4220,0,4220,240,31,4011,3980,31,31132
0.682,0.0496201329535,0.128581523834,209,4212,0,4212,240,31,4003,3972,31,31132
0.683,0.0497382198953,0.128260310934,209,4202,0,4202,240,31,3993,3962,31,31132
0.684,0.0498093422307,0.128067583194,209,4196,0,4196,239,30,3987,3957,30,31132
0.685,0.0499402628435,0.127714249004,209,4185,0,4185,239,30,3976,3946,30,31132
0.686,0.0497845859263,0.127521521264,208,4178,0,4178,238,30,3970,3940,30,31132
0.687,0.0498800959233,0.127264550944,208,4170,0,4170,238,30,3962,3932,30,31132
0.688,0.0494597839136,0.127168187074,206,4165,0,4165,236,30,3959,3929,30,31132
0.689,0.049543049543,0.126943338044,206,4158,0,4158,236,30,3952,3922,30,31132
0.69,0.049010140029,0.126525761275,203,4142,0,4142,233,30,3939,3909,30,31132
0.691,0.0486329542705,0.126300912245,201,4133,0,4133,231,30,3932,3902,30,31132
0.692,0.0487509095319,0.125979699345,201,4123,0,4123,231,30,3922,3892,30,31132
0.693,0.048336167112,0.125851214185,199,4117,0,4117,229,30,3918,3888,30,31132
0.694,0.0482221139795,0.125530001285,198,4106,0,4106,227,29,3908,3879,29,31132
0.695,0.0483280449109,0.125240909675,198,4097,0,4097,227,29,3899,3870,29,31132
0.696,0.0484462931245,0.124919696775,198,4087,0,4087,227,29,3889,3860,29,31132
0.697,0.0485770363101,0.124566362585,198,4076,0,4076,227,29,3878,3849,29,31132
0.698,0.0484624846248,0.124245149685,197,4065,0,4065,226,29,3868,3839,29,31132
0.699,0.0485341217049,0.124052421945,197,4059,0,4059,226,29,3862,3833,29,31132
0.7,0.0483711747285,0.123859694205,196,4052,0,4052,225,29,3856,3827,29,31132
0.701,0.0482792770488,0.123474238725,195,4039,0,4039,224,29,3844,3815,29,31132
0.702,0.0475597609562,0.122863934216,191,4016,0,4016,219,28,3825,3797,28,31132
0.703,0.0477738869435,0.122285750996,191,3998,0,3998,219,28,3807,3779,28,31132
0.704,0.0476787954831,0.121900295516,190,3985,0,3985,218,28,3795,3767,28,31132
0.705,0.0474268415742,0.121289991006,188,3964,0,3964,216,28,3776,3748,28,31132
0.706,0.046835443038,0.120936656816,185,3950,0,3950,213,28,3765,3737,28,31132
0.707,0.0458131840163,0.120422716176,180,3929,0,3929,208,28,3749,3721,28,31132
0.708,0.0452801227936,0.119876654246,177,3909,0,3909,205,28,3732,3704,28,31132
0.709,0.0452209660843,0.119362713607,176,3892,0,3892,204,28,3716,3688,28,31132
0.71,0.0446336429309,0.118945136837,173,3876,0,3876,201,28,3703,3675,28,31132
0.711,0.0442775763853,0.118559681357,171,3862,0,3862,199,28,3691,3663,28,31132
0.712,0.0438961038961,0.118238468457,169,3850,0,3850,197,28,3681,3653,28,31132
0.713,0.0435917515009,0.117692406527,167,3831,0,3831,195,28,3664,3636,28,31132
0.714,0.0432050274941,0.117371193627,165,3819,0,3819,193,28,3654,3626,28,31132
0.715,0.0430672268908,0.117049980727,164,3808,0,3808,192,28,3644,3616,28,31132
0.716,0.0427102557342,0.116632403957,162,3793,0,3793,189,27,3631,3604,27,31132
0.717,0.0423616626953,0.116182705897,160,3777,0,3777,186,26,3617,3591,26,31132
0.718,0.0415335463259,0.115636643968,156,3756,0,3756,180,24,3600,3576,24,31132
0.719,0.0414438502674,0.115154824618,155,3740,0,3740,179,24,3585,3561,24,31132
0.72,0.0407834719614,0.114833611718,152,3727,0,3727,176,24,3575,3551,24,31132
0.721,0.0408931934356,0.114512398818,152,3717,0,3717,176,24,3565,3541,24,31132
0.722,0.0407667386609,0.114126943338,151,3704,0,3704,175,24,3553,3529,24,31132
0.723,0.0408660351827,0.113837851728,151,3695,0,3695,175,24,3544,3520,24,31132
0.724,0.0404561498778,0.113516638828,149,3683,0,3683,173,24,3534,3510,24,31132
0.725,0.0402830702232,0.113259668508,148,3674,0,3674,172,24,3526,3502,24,31132
0.726,0.0403819918145,0.112970576898,148,3665,0,3665,172,24,3517,3493,24,31132
0.727,0.0400219298246,0.112488757549,146,3648,0,3648,170,24,3502,3478,24,31132
0.728,0.0398570643211,0.112199665939,145,3638,0,3638,169,24,3493,3469,24,31132
0.729,0.039966923925,0.111878453039,145,3628,0,3628,169,24,3483,3459,24,31132
0.73,0.0395245992261,0.111621482719,143,3618,0,3618,167,24,3475,3451,24,31132
0.731,0.0391014975042,0.111300269819,141,3606,0,3606,165,24,3465,3441,24,31132
0.732,0.0387078808131,0.110882693049,139,3591,0,3591,163,24,3452,3428,24,31132
0.733,0.0382467895031,0.110657844019,137,3582,0,3582,161,24,3445,3421,24,31132
0.734,0.0381059120202,0.110272388539,136,3569,0,3569,159,23,3433,3410,23,31132
0.735,0.0379106992418,0.110047539509,135,3561,0,3561,158,23,3426,3403,23,31132
0.736,0.0379746835443,0.109854811769,135,3555,0,3555,158,23,3420,3397,23,31132
0.737,0.0370265686829,0.109437234999,131,3538,0,3538,154,23,3407,3384,23,31132
0.738,0.0366373189435,0.108955415649,129,3521,0,3521,152,23,3392,3369,23,31132
0.739,0.0362339514979,0.10850571759,127,3505,0,3505,150,23,3378,3355,23,31132
0.74,0.0364314400459,0.10789541308,127,3486,0,3486,150,23,3359,3336,23,31132
0.741,0.0359815774324,0.10757420018,125,3474,0,3474,148,23,3349,3326,23,31132
0.742,0.0355285961872,0.10725298728,123,3462,0,3462,146,23,3339,3316,23,31132
0.743,0.0353828306265,0.10683541051,122,3448,0,3448,145,23,3326,3303,23,31132
0.744,0.0348938644955,0.10661056148,120,3439,0,3439,143,23,3319,3296,23,31132
0.745,0.0341207349081,0.10638571245,117,3429,0,3429,140,23,3312,3289,23,31132
0.746,0.0342606149341,0.10593601439,117,3415,0,3415,140,23,3298,3275,23,31132
0.747,0.0338036449148,0.1055826802,115,3402,0,3402,138,23,3287,3264,23,31132
0.748,0.0333924349882,0.105068739561,113,3384,0,3384,136,23,3271,3248,23,31132
0.749,0.0332442861383,0.104619041501,112,3369,0,3369,135,23,3257,3234,23,31132
0.75,0.0328162291169,0.104137222151,110,3352,0,3352,133,23,3242,3219,23,31132
0.751,0.0329341317365,0.103751766671,110,3340,0,3340,133,23,3230,3207,23,31132
0.752,0.0325203252033,0.103205704741,108,3321,0,3321,131,23,3213,3190,23,31132
0.753,0.0326086956522,0.102916613131,108,3312,0,3312,130,22,3204,3182,22,31132
0.754,0.0318374772589,0.102563278941,105,3298,0,3298,127,22,3193,3171,22,31132
0.755,0.0316686967113,0.102145702171,104,3284,0,3284,126,22,3180,3158,22,31132
0.756,0.0314120158585,0.102017217011,103,3279,0,3279,125,22,3176,3154,22,31132
0.757,0.0311926605505,0.101760246692,102,3270,0,3270,124,22,3168,3146,22,31132
0.758,0.0312595770763,0.101535397662,102,3263,0,3263,123,21,3161,3140,21,31132
0.759,0.0313749615503,0.101149942182,102,3251,0,3251,123,21,3149,3128,21,31132
0.76,0.0308546744832,0.100892971862,100,3241,0,3241,121,21,3141,3120,21,31132
0.761,0.0309405940594,0.100603880252,100,3232,0,3232,119,19,3132,3113,19,31132
0.762,0.0310752019888,0.100154182192,100,3218,0,3218,119,19,3118,3099,19,31132
0.763,0.0311332503113,0.099961454452,100,3212,0,3212,119,19,3112,3093,19,31132
0.764,0.0305772230889,0.0998008480021,98,3205,0,3205,117,19,3107,3088,19,31132
0.765,0.0306633291615,0.0995117563921,98,3196,0,3196,117,19,3098,3079,19,31132
0.766,0.0307402760351,0.0992547860722,98,3188,0,3188,117,19,3090,3071,19,31132
0.767,0.0307982401006,0.0990620583323,98,3182,0,3182,117,19,3084,3065,19,31132
0.768,0.0309148264984,0.0986766028524,98,3170,0,3170,117,19,3072,3053,19,31132
0.769,0.0306767868438,0.0984517538224,97,3162,0,3162,116,19,3065,3046,19,31132
0.77,0.0307448494453,0.0982269047925,97,3155,0,3155,116,19,3058,3039,19,31132
0.771,0.0305149396058,0.0979699344726,96,3146,0,3146,115,19,3050,3031,19,31132
0.772,0.0303126994257,0.0976166002827,95,3134,0,3134,114,19,3039,3020,19,31132
0.773,0.0300896286812,0.0973275086727,94,3124,0,3124,112,18,3030,3012,18,31132
0.774,0.0302153648345,0.0969099319029,94,3111,0,3111,112,18,3017,2999,18,31132
0.775,0.0302835051546,0.0966850828729,94,3104,0,3104,112,18,3010,2992,18,31132
0.776,0.0297445845457,0.096395991263,92,3093,0,3093,110,18,3001,2983,18,31132
0.777,0.0298217179903,0.0961390209431,92,3085,0,3085,110,18,2993,2975,18,31132
0.778,0.0295646523717,0.0959462932031,91,3078,0,3078,109,18,2987,2969,18,31132
0.779,0.0293446364526,0.0956250803032,90,3067,0,3067,108,18,2977,2959,18,31132
0.78,0.0294406280667,0.0953038674033,90,3057,0,3057,108,18,2967,2949,18,31132
0.781,0.0295081967213,0.0950790183734,90,3050,0,3050,108,18,2960,2942,18,31132
0.782,0.0292955892034,0.0947256841835,89,3038,0,3038,107,18,2949,2931,18,31132
0.783,0.0293826345328,0.0944365925736,89,3029,0,3029,107,18,2940,2922,18,31132
0.784,0.0294312169312,0.0942759861236,89,3024,0,3024,107,18,2935,2917,18,31132
0.785,0.0295190713101,0.0939868945137,89,3015,0,3015,107,18,2926,2908,18,31132
0.786,0.0286094477711,0.0937941667737,86,3006,0,3006,104,18,2920,2902,18,31132
0.787,0.028638028638,0.0936978029038,86,3003,0,3003,104,18,2917,2899,18,31132
0.788,0.028752925443,0.0933123474239,86,2991,0,2991,104,18,2905,2887,18,31132
0.789,0.0288300368756,0.0930553771039,86,2983,0,2983,104,18,2897,2879,18,31132
0.79,0.028561827957,0.092862649364,85,2976,0,2976,103,18,2891,2873,18,31132
0.791,0.0282828282828,0.092702042914,84,2970,0,2970,102,18,2886,2868,18,31132
0.792,0.02806898884,0.0923165874342,83,2957,0,2957,101,18,2874,2856,18,31132
0.793,0.0277777777778,0.0921881022742,82,2952,0,2952,100,18,2870,2852,18,31132
0.794,0.0278627251104,0.0918990106643,82,2943,0,2943,99,17,2861,2844,17,31132
0.795,0.0279481935924,0.0916099190543,82,2934,0,2934,99,17,2852,2835,17,31132
0.796,0.0280150324564,0.0913850700244,82,2927,0,2927,99,17,2845,2828,17,31132
0.797,0.027397260274,0.0912244635745,80,2920,0,2920,97,17,2840,2823,17,31132
0.798,0.0274914089347,0.0909032506745,80,2910,0,2910,96,16,2830,2814,16,31132
0.799,0.0275482093664,0.0907105229346,80,2904,0,2904,95,15,2824,2809,15,31132
0.8,0.0275862068966,0.0905820377746,80,2900,0,2900,95,15,2820,2805,15,31132
0.801,0.0277392510402,0.0900680971348,80,2884,0,2884,95,15,2804,2789,15,31132
0.802,0.0275069637883,0.0897147629449,79,2872,0,2872,94,15,2793,2778,15,31132
0.803,0.0273492286115,0.0891044584351,78,2852,0,2852,92,14,2774,2760,14,31132
0.804,0.0275618374558,0.0883977900552,78,2830,0,2830,92,14,2752,2738,14,31132
0.805,0.0273826458037,0.0878517281254,77,2812,0,2812,91,14,2735,2721,14,31132
0.806,0.0271914132379,0.0873377874855,76,2795,0,2795,90,14,2719,2705,14,31132
0.807,0.0270465200144,0.0866632403957,75,2773,0,2773,89,14,2698,2684,14,31132
0.808,0.0254175744372,0.0862135423359,70,2754,0,2754,84,14,2684,2670,14,31132
0.809,0.0256128796195,0.085538995246,70,2733,0,2733,83,13,2663,2650,13,31132
0.81,0.0257447591026,0.0850892971862,70,2719,0,2719,83,13,2649,2636,13,31132
0.811,0.0251851851852,0.0845432352563,68,2700,0,2700,81,13,2632,2619,13,31132
0.812,0.024217585693,0.0841256584864,65,2684,0,2684,78,13,2619,2606,13,31132
0.813,0.0240060015004,0.0835795965566,64,2666,0,2666,77,13,2602,2589,13,31132
0.814,0.0241509433962,0.0830656559167,64,2650,0,2650,77,13,2586,2573,13,31132
0.815,0.0238907849829,0.0826802004368,63,2637,0,2637,76,13,2574,2561,13,31132
0.816,0.0236280487805,0.082294744957,62,2624,0,2624,75,13,2562,2549,13,31132
0.817,0.0233716475096,0.0818771681871,61,2610,0,2610,74,13,2549,2536,13,31132
0.818,0.0231035810551,0.0814917127072,60,2597,0,2597,72,12,2537,2525,12,31132
0.819,0.02326483133,0.0809135294873,60,2579,0,2579,72,12,2519,2507,12,31132
0.82,0.0234558248632,0.0802389823975,60,2558,0,2558,72,12,2498,2486,12,31132
0.821,0.0232192050374,0.0797250417577,59,2541,0,2541,71,12,2482,2470,12,31132
0.822,0.0221782178218,0.0793074649878,56,2525,0,2525,68,12,2469,2457,12,31132
0.823,0.0219036240542,0.0788898882179,55,2511,0,2511,67,12,2456,2444,12,31132
0.824,0.0220352564103,0.078408068868,55,2496,0,2496,67,12,2441,2429,12,31132
0.825,0.0221684804514,0.0779262495182,55,2481,0,2481,67,12,2426,2414,12,31132
0.826,0.0215184734064,0.0774123088783,53,2463,0,2463,65,12,2410,2398,12,31132
0.827,0.0212505108296,0.0769304895285,52,2447,0,2447,64,12,2395,2383,12,31132
0.828,0.020206185567,0.0763201850186,49,2425,0,2425,61,12,2376,2364,12,31132
0.829,0.0195020746888,0.0759026082487,47,2410,0,2410,59,12,2363,2351,12,31132
0.83,0.0192147034252,0.0754207888989,46,2394,0,2394,58,12,2348,2336,12,31132
0.831,0.0189793336145,0.0747141205191,45,2371,0,2371,57,12,2326,2314,12,31132
0.832,0.018675721562,0.0742644224592,44,2356,0,2356,56,12,2312,2300,12,31132
0.833,0.0187553282182,0.0739432095593,44,2346,0,2346,56,12,2302,2290,12,31132
0.834,0.0184391080617,0.0735256327894,43,2332,0,2332,55,12,2289,2277,12,31132
0.835,0.0185745140389,0.0729795708596,43,2315,0,2315,55,12,2272,2260,12,31132
0.836,0.0186956521739,0.0724977515097,43,2300,0,2300,55,12,2257,2245,12,31132
0.837,0.0184049079755,0.0719516895799,42,2282,0,2282,54,12,2240,2228,12,31132
0.838,0.0172795746566,0.0712450212001,39,2257,0,2257,51,12,2218,2206,12,31132
0.839,0.0173719376392,0.0708595657202,39,2245,0,2245,51,12,2206,2194,12,31132
0.84,0.0170633138752,0.0703135037903,38,2227,0,2227,50,12,2189,2177,12,31132
0.841,0.0167269439421,0.0698638057304,37,2212,0,2212,49,12,2175,2163,12,31132
0.842,0.0163710777626,0.0694783502505,36,2199,0,2199,48,12,2163,2151,12,31132
0.843,0.0160329821347,0.0689965309007,35,2183,0,2183,47,12,2148,2136,12,31132
0.844,0.0161067648412,0.0686753180008,35,2173,0,2173,47,12,2138,2126,12,31132
0.845,0.016218721038,0.0681934986509,35,2158,0,2158,47,12,2123,2111,12,31132
0.846,0.0163551401869,0.0676153154311,35,2140,0,2140,46,11,2105,2094,11,31132
0.847,0.0164938737041,0.0670371322112,35,2122,0,2122,45,10,2087,2077,10,31132
0.848,0.0165798199905,0.0666837980213,35,2111,0,2111,45,10,2076,2066,10,31132
0.849,0.0166666666667,0.0663304638314,35,2100,0,2100,45,10,2065,2055,10,31132
0.85,0.0168026884301,0.0657844019016,35,2083,0,2083,45,10,2048,2038,10,31132
0.851,0.0169409486931,0.0652383399717,35,2066,0,2066,44,9,2031,2022,9,31132
0.852,0.0170565302144,0.0647886419119,35,2052,0,2052,44,9,2017,2008,9,31132
0.853,0.015732546706,0.064306822562,32,2034,0,2034,41,9,2002,1993,9,31132
0.854,0.0148294611962,0.0640177309521,30,2023,0,2023,39,9,1993,1984,9,31132
0.855,0.013916500994,0.0637286393422,28,2012,0,2012,37,9,1984,1975,9,31132
0.856,0.0140210315473,0.0632468199923,28,1997,0,1997,37,9,1969,1960,9,31132
0.857,0.0126135216953,0.0628613645124,25,1982,0,1982,34,9,1957,1948,9,31132
0.858,0.0122013218099,0.0624116664525,24,1967,0,1967,33,9,1943,1934,9,31132
0.859,0.0123203285421,0.0618013619427,24,1948,0,1948,33,9,1924,1915,9,31132
0.86,0.0124159337817,0.0613195425928,24,1933,0,1933,33,9,1909,1900,9,31132
0.861,0.012539184953,0.060709238083,24,1914,0,1914,32,8,1890,1882,8,31132
0.862,0.0116279069767,0.0600668122832,22,1892,0,1892,30,8,1870,1862,8,31132
0.863,0.0111761575306,0.0596813568033,21,1879,0,1879,29,8,1858,1850,8,31132
0.864,0.010718113612,0.0592959013234,20,1866,0,1866,28,8,1846,1838,8,31132
0.865,0.0108049702863,0.0588140819735,20,1851,0,1851,28,8,1831,1823,8,31132
0.866,0.0108991825613,0.0583001413337,20,1835,0,1835,28,8,1815,1807,8,31132
0.867,0.0109589041096,0.0579789284338,20,1825,0,1825,28,8,1805,1797,8,31132
0.868,0.0110436223081,0.0575292303739,20,1811,0,1811,28,8,1791,1783,8,31132
0.869,0.0111296605454,0.057079532314,20,1797,0,1797,28,8,1777,1769,8,31132
0.87,0.0112549240293,0.0564371065142,20,1777,0,1777,25,5,1757,1752,5,31132
0.871,0.0113442994895,0.0559874084543,20,1763,0,1763,25,5,1743,1738,5,31132
0.872,0.0114416475973,0.0555055891045,20,1748,0,1748,25,5,1728,1723,5,31132
0.873,0.00982091276719,0.0550558910446,17,1731,0,1731,22,5,1714,1709,5,31132
0.874,0.00989522700815,0.0546383142747,17,1718,0,1718,22,5,1701,1696,5,31132
0.875,0.00936220011703,0.0543813439548,16,1709,0,1709,21,5,1693,1688,5,31132
0.876,0.00947867298578,0.053706796865,16,1688,0,1688,21,5,1672,1667,5,31132
0.877,0.00960384153661,0.0530001284852,16,1666,0,1666,21,5,1650,1645,5,31132
0.878,0.00968523002421,0.0525504304253,16,1652,0,1652,21,5,1636,1631,5,31132
0.879,0.00917431192661,0.0520364897854,15,1635,0,1635,20,5,1620,1615,5,31132
0.88,0.00863131935882,0.0516510343055,14,1622,0,1622,19,5,1608,1603,5,31132
0.881,0.00867947923125,0.0513619426956,14,1613,0,1613,19,5,1599,1594,5,31132
0.882,0.00813008130081,0.0509443659257,13,1599,0,1599,17,4,1586,1582,4,31132
0.883,0.00760938490805,0.0502698188359,12,1577,0,1577,16,4,1565,1561,4,31132
0.884,0.00766283524904,0.049916484646,12,1566,0,1566,16,4,1554,1550,4,31132
0.885,0.00706940874036,0.0496273930361,11,1556,0,1556,15,4,1545,1541,4,31132
0.886,0.00711974110032,0.0492740588462,11,1545,0,1545,15,4,1534,1530,4,31132
0.887,0.00719895287958,0.0487279969164,11,1528,0,1528,15,4,1517,1513,4,31132
0.888,0.00726552179657,0.0482782988565,11,1514,0,1514,15,4,1503,1499,4,31132
0.889,0.00668449197861,0.0477322369266,10,1496,0,1496,14,4,1486,1482,4,31132
0.89,0.00675675675676,0.0472182962868,10,1480,0,1480,14,4,1470,1466,4,31132
0.891,0.00616016427105,0.0466401130669,9,1461,0,1461,13,4,1452,1448,4,31132
0.892,0.00624566273421,0.0459976872671,9,1441,0,1441,13,4,1432,1428,4,31132
0.893,0.00632911392405,0.0453873827573,9,1422,0,1422,13,4,1413,1409,4,31132
0.894,0.00568585643213,0.0449376846974,8,1407,0,1407,12,4,1399,1395,4,31132
0.895,0.00573888091822,0.0445201079275,8,1394,0,1394,12,4,1386,1382,4,31132
0.896,0.00580130529369,0.0440382885777,8,1379,0,1379,12,4,1371,1367,4,31132
0.897,0.0058651026393,0.0435564692278,8,1364,0,1364,12,4,1356,1352,4,31132
0.898,0.00516986706056,0.0432673776179,7,1354,0,1354,10,3,1347,1344,3,31132
0.899,0.00523560209424,0.042721315688,7,1337,0,1337,10,3,1330,1327,3,31132
0.9,0.00531511009871,0.0420788898882,7,1317,0,1317,10,3,1310,1307,3,31132
0.901,0.0046403712297,0.0413401002184,6,1293,0,1293,9,3,1287,1284,3,31132
0.902,0.00389105058366,0.0411152511885,5,1285,0,1285,8,3,1280,1277,3,31132
0.903,0.00314712824548,0.0406976744186,4,1271,0,1271,7,3,1267,1264,3,31132
0.904,0.0031847133758,0.0402158550687,4,1256,0,1256,7,3,1252,1249,3,31132
0.905,0.00322320709106,0.0397340357189,4,1241,0,1241,7,3,1237,1234,3,31132
0.906,0.00326797385621,0.039187973789,4,1224,0,1224,7,3,1220,1217,3,31132
0.907,0.00331125827815,0.0386740331492,4,1208,0,1208,7,3,1204,1201,3,31132
0.908,0.00252312867956,0.0380958499293,3,1189,0,1189,6,3,1186,1183,3,31132
0.909,0.00256629597947,0.0374534241295,3,1169,0,1169,5,2,1166,1164,2,31132
0.91,0.00258397932817,0.0371964538096,3,1161,0,1161,5,2,1158,1156,2,31132
0.911,0.00262697022767,0.0365861492998,3,1142,0,1142,5,2,1139,1137,2,31132
0.912,0.00267379679144,0.0359437234999,3,1122,0,1122,5,2,1119,1117,2,31132
0.913,0.00270758122744,0.0354940254401,3,1108,0,1108,5,2,1105,1103,2,31132
0.914,0.00277520814061,0.0346267506103,3,1081,0,1081,5,2,1078,1076,2,31132
0.915,0.00282220131703,0.0340485673905,3,1063,0,1063,5,2,1060,1058,2,31132
0.916,0.00285171102662,0.0336952332006,3,1052,0,1052,5,2,1049,1047,2,31132
0.917,0.00288739172281,0.0332776564307,3,1039,0,1039,5,2,1036,1034,2,31132
0.918,0.0029296875,0.0327958370808,3,1024,0,1024,5,2,1021,1019,2,31132
0.919,0.00298210735586,0.032217653861,3,1006,0,1006,5,2,1003,1001,2,31132
0.92,0.00303643724696,0.0316394706411,3,988,0,988,5,2,985,983,2,31132
0.921,0.00310237849018,0.0309649235513,3,967,0,967,5,2,964,962,2,31132
0.922,0.00313479623824,0.0306437106514,3,957,0,957,5,2,954,952,2,31132
0.923,0.00318809776833,0.0301297700116,3,941,0,941,5,2,938,936,2,31132
0.924,0.00323624595469,0.0296800719517,3,927,0,927,5,2,924,922,2,31132
0.925,0.00333333333333,0.0288127971219,3,900,0,900,5,2,897,895,2,31132
0.926,0.00342857142857,0.0280097648722,3,875,0,875,5,2,872,870,2,31132
0.927,0.00350877192982,0.0273673390723,3,855,0,855,5,2,852,850,2,31132
0.928,0.0035799522673,0.0268212771425,3,838,0,838,5,2,835,833,2,31132
0.929,0.00363196125908,0.0264358216626,3,826,0,826,5,2,823,821,2,31132
0.93,0.0036855036855,0.0260503661827,3,814,0,814,5,2,811,809,2,31132
0.931,0.00377358490566,0.0254400616729,3,795,0,795,5,2,792,790,2,31132
0.932,0.00387596899225,0.0247655145831,3,774,0,774,5,2,771,769,2,31132
0.933,0.00267022696929,0.0239946036233,2,749,0,749,4,2,747,745,2,31132
0.934,0.00273224043716,0.0234485416934,2,732,0,732,4,2,730,728,2,31132
0.935,0.00278551532033,0.0229988436336,2,718,0,718,4,2,716,714,2,31132
0.936,0.0014245014245,0.0225170242837,1,702,0,702,3,2,701,699,2,31132
0.937,0.00148367952522,0.0216176281639,1,674,0,674,3,2,673,671,2,31132
0.938,0.00151745068285,0.0211358088141,1,659,0,659,3,2,658,656,2,31132
0.939,0.00156739811912,0.0204612617243,1,638,0,638,3,2,637,635,2,31132
0.94,0.00162074554295,0.0197867146345,1,617,0,617,3,2,616,614,2,31132
0.941,0.00167224080268,0.0191764101246,1,598,0,598,3,2,597,595,2,31132
0.942,0.00173010380623,0.0185339843248,1,578,0,578,3,2,577,575,2,31132
0.943,0.00179211469534,0.017891558525,1,558,0,558,3,2,557,555,2,31132
0.944,0.00183486238532,0.0174739817551,1,545,0,545,3,2,544,542,2,31132
0.945,0.00190114068441,0.0168636772453,1,526,0,526,3,2,525,523,2,31132
0.946,0.00196850393701,0.0162854940254,1,508,0,508,3,2,507,505,2,31132
0.947,0.00201612903226,0.0159000385455,1,496,0,496,3,2,495,493,2,31132
0.948,0.00208333333333,0.0153860979057,1,480,0,480,3,2,479,477,2,31132
0.949,0.00214592274678,0.0149363998458,1,466,0,466,3,2,465,463,2,31132
0.95,0.00225733634312,0.014197610176,1,443,0,443,3,2,442,440,2,31132
0.951,0.00233644859813,0.0137157908262,1,428,0,428,3,2,427,425,2,31132
0.952,0.00240963855422,0.0132982140563,1,415,0,415,3,2,414,412,2,31132
0.953,0.00251889168766,0.0127200308364,1,397,0,397,3,2,396,394,2,31132
0.954,0.00260416666667,0.0123024540666,1,384,0,384,3,2,383,381,2,31132
0.955,0.00278551532033,0.0114994218168,1,359,0,359,2,1,358,357,1,31132
0.956,0.00291545189504,0.0109854811769,1,343,0,343,2,1,342,341,1,31132
0.957,0.00310559006211,0.0103109340871,1,322,0,322,2,1,321,320,1,31132
0.958,0.00325732899023,0.00982911473725,1,307,0,307,2,1,306,305,1,31132
0.959,0.00344827586207,0.0092830528074,1,290,0,290,2,1,289,288,1,31132
0.96,0.00359712230216,0.00889759732751,1,278,0,278,2,1,277,276,1,31132
0.961,0.00381679389313,0.00838365668765,1,262,0,262,2,1,261,260,1,31132
0.962,0.00411522633745,0.00777335217782,1,243,0,243,2,1,242,241,1,31132
0.963,0.00436681222707,0.00732365411795,1,229,0,229,2,1,228,227,1,31132
0.964,0.0047619047619,0.00671334960812,1,210,0,210,2,1,209,208,1,31132
0.965,0.00540540540541,0.00591031735835,1,185,0,185,2,1,184,183,1,31132
0.966,0.00609756097561,0.00523577026853,1,164,0,164,1,0,163,163,0,31132
0.967,0.00653594771242,0.00488243607863,1,153,0,153,1,0,152,152,0,31132
0.968,0.00735294117647,0.00433637414879,1,136,0,136,1,0,135,135,0,31132
0.969,0.00847457627119,0.00375819092895,1,118,0,118,1,0,117,117,0,31132
0.97,0.00900900900901,0.00353334189901,1,111,0,111,1,0,110,110,0,31132
0.971,0.00980392156863,0.00324425028909,1,102,0,102,1,0,101,101,0,31132
0.972,0.0112359550562,0.00282667351921,1,89,0,89,1,0,88,88,0,31132
0.973,0.0,0.00253758190929,0,79,0,79,0,0,79,79,0,31132
0.974,0.0,0.0021521264294,0,67,0,67,0,0,67,67,0,31132
0.975,0.0,0.00192727739946,0,60,0,60,0,0,60,60,0,31132
0.976,0.0,0.0017987922395,0,56,0,56,0,0,56,56,0,31132
0.977,0.0,0.00150970062958,0,47,0,47,0,0,47,47,0,31132
0.978,0.0,0.00131697288963,0,41,0,41,0,0,41,41,0,31132
0.979,0.0,0.0010600025697,0,33,0,33,0,0,33,33,0,31132
0.98,0.0,0.000899396119748,0,28,0,28,0,0,28,28,0,31132
0.981,0.0,0.000738789669793,0,23,0,23,0,0,23,23,0,31132
0.982,0.0,0.000546061929847,0,17,0,17,0,0,17,17,0,31132
0.983,0.0,0.000513940639856,0,16,0,16,0,0,16,16,0,31132
0.984,0.0,0.00032121289991,0,10,0,10,0,0,10,10,0,31132
0.985,0.0,0.000224849029937,0,7,0,7,0,0,7,7,0,31132
0.986,0.0,0.000192727739946,0,6,0,6,0,0,6,6,0,31132
0.987,0.0,0.000160606449955,0,5,0,5,0,0,5,5,0,31132
0.988,0.0,9.6363869973e-05,0,3,0,3,0,0,3,3,0,31132
0.989,0.0,9.6363869973e-05,0,3,0,3,0,0,3,3,0,31132
