Confidence,False Positive Rate,True Positive Rate,FPR: False positives,FPR: Predictions minus small craters, FPR: Small crater, FPR: Total craters predicted, FPR: False positives original, FPR: False Positives Evaluated,TPR: True Positives,TPR: True Positives Original,TPR: True Positives Evaluated,TPR: Ground Truth Length
0,0.828024837226,0.446036232815,65876,79558,3345,82903,65876,280,13886,13886,286,31132
0.001,0.828024837226,0.446036232815,65876,79558,3345,82903,65876,280,13886,13886,286,31132
0.002,0.793543418847,0.445715019915,52554,66227,3176,69403,52554,280,13876,13876,286,31132
0.003,0.772792283386,0.445297443145,46468,60130,3068,63198,46468,280,13863,13863,286,31132
0.004,0.758163681142,0.444879866375,42790,56439,2957,59396,42790,279,13850,13850,285,31132
0.005,0.747037771885,0.444655017345,40287,53929,2883,56812,40287,278,13843,13843,284,31132
0.006,0.736618439607,0.444398047026,38134,51769,2797,54566,38134,278,13835,13835,284,31132
0.007,0.727951600343,0.444044712836,36458,50083,2731,52814,36458,276,13824,13824,282,31132
0.008,0.720291790815,0.443627136066,35053,48665,2674,51339,35053,276,13811,13811,282,31132
0.009,0.712905335556,0.443498650906,33791,47399,2624,50023,33791,276,13807,13807,282,31132
0.01,0.706729318446,0.443434408326,32788,46394,2572,48966,32788,276,13805,13805,282,31132
0.011,0.701342060755,0.443145316716,31930,45527,2527,48054,31930,276,13796,13796,282,31132
0.012,0.696292488882,0.442920467686,31157,44747,2482,47229,31157,276,13789,13789,282,31132
0.013,0.691500476991,0.442663497366,30444,44026,2444,46470,30444,276,13781,13781,282,31132
0.014,0.687206302405,0.442567133496,29833,43412,2415,45827,29833,276,13778,13778,282,31132
0.015,0.683609232921,0.442213799306,29320,42890,2381,45271,29320,276,13767,13767,282,31132
0.016,0.680007546992,0.442149556726,28833,42401,2356,44757,28833,276,13765,13765,282,31132
0.017,0.676536499309,0.442085314146,28378,41946,2320,44266,28378,276,13763,13763,282,31132
0.018,0.673102883039,0.441860465116,27923,41484,2281,43765,27923,276,13756,13756,282,31132
0.019,0.670065957602,0.441699858666,27531,41087,2253,43340,27531,276,13751,13751,282,31132
0.02,0.667427645629,0.441442888346,27189,40737,2229,42966,27189,276,13743,13743,282,31132
0.021,0.664261449577,0.441185918026,26789,40329,2199,42528,26789,276,13735,13735,282,31132
0.022,0.661209162599,0.440928947707,26412,39945,2179,42124,26412,276,13727,13727,282,31132
0.023,0.658572906939,0.440704098677,26092,39619,2148,41767,26092,276,13720,13720,282,31132
0.024,0.655811584978,0.440382885777,25757,39275,2126,41401,25757,276,13710,13710,282,31132
0.025,0.653357624901,0.440093794167,25462,38971,2106,41077,25462,276,13701,13701,282,31132
0.026,0.650779694329,0.439933187717,25165,38669,2079,40748,25165,276,13696,13696,282,31132
0.027,0.648153457218,0.439804702557,24869,38369,2060,40429,24869,276,13692,13692,282,31132
0.028,0.645688930897,0.439644096107,24593,38088,2034,40122,24593,276,13687,13687,282,31132
0.029,0.643351837166,0.439547732237,24338,37830,2014,39844,24338,276,13684,13684,282,31132
0.03,0.64130810782,0.439162276757,24101,37581,1993,39574,24101,276,13672,13672,282,31132
0.031,0.639182711619,0.438937427727,23869,37343,1968,39311,23869,276,13665,13665,281,31132
0.032,0.637218196999,0.438776821277,23658,37127,1942,39069,23658,275,13660,13660,280,31132
0.033,0.635213480711,0.438616214827,23447,36912,1923,38835,23447,275,13655,13655,280,31132
0.034,0.633494021843,0.438359244507,23260,36717,1908,38625,23260,275,13647,13647,280,31132
0.035,0.631519833443,0.438134395477,23053,36504,1884,38388,23053,274,13640,13640,279,31132
0.036,0.629940548277,0.437941667737,22887,36332,1871,38203,22887,274,13634,13634,279,31132
0.037,0.628184911611,0.437748939997,22707,36147,1847,37994,22707,274,13628,13628,279,31132
0.038,0.626438698916,0.437652576127,22533,35970,1833,37803,22533,274,13625,13625,279,31132
0.039,0.624528354621,0.437556212257,22345,35779,1818,37597,22345,273,13622,13622,278,31132
0.04,0.622848639695,0.437395605808,22184,35617,1797,37414,22184,272,13617,13617,277,31132
0.041,0.62113133023,0.437267120648,22016,35445,1779,37224,22016,271,13613,13613,276,31132
0.042,0.61988386914,0.436945907748,21885,35305,1762,37067,21885,271,13603,13603,276,31132
0.043,0.618252184059,0.436785301298,21726,35141,1738,36879,21726,270,13598,13598,275,31132
0.044,0.616804801372,0.436496209688,21582,34990,1721,36711,21582,270,13589,13589,275,31132
0.045,0.615492755702,0.436239239368,21453,34855,1705,36560,21453,270,13581,13581,273,31132
0.046,0.613897054585,0.436078632918,21301,34698,1685,36383,21301,270,13576,13576,272,31132
0.047,0.612486980674,0.435918026468,21170,34564,1671,36235,21170,267,13571,13571,269,31132
0.048,0.610788188793,0.435853783888,21016,34408,1652,36060,21016,267,13569,13569,269,31132
0.049,0.609155135167,0.435693177438,20866,34254,1632,35886,20866,267,13564,13564,269,31132
0.05,0.607731082586,0.435596813568,20737,34122,1611,35733,20737,266,13561,13561,268,31132
0.051,0.606169423677,0.435436207118,20594,33974,1598,35572,20594,266,13556,13556,268,31132
0.052,0.604669720703,0.435275600668,20459,33835,1586,35421,20459,266,13551,13551,268,31132
0.053,0.603076557582,0.434922266478,20308,33674,1569,35243,20308,265,13540,13540,267,31132
0.054,0.6015625,0.434793781318,20174,33536,1561,35097,20174,264,13536,13536,266,31132
0.055,0.60038298127,0.434568932288,20066,33422,1541,34963,20066,264,13529,13529,266,31132
0.056,0.598828125,0.434408325838,19929,33280,1532,34812,19929,263,13524,13524,265,31132
0.057,0.597454688018,0.434311961968,19811,33159,1518,34677,19811,263,13521,13521,265,31132
0.058,0.596082230767,0.434054991648,19688,33029,1499,34528,19688,262,13513,13513,264,31132
0.059,0.594817897391,0.433990749068,19582,32921,1490,34411,19582,262,13511,13511,264,31132
0.06,0.593562349499,0.433830142619,19473,32807,1466,34273,19473,262,13506,13506,264,31132
0.061,0.592201511952,0.433508929719,19349,32673,1456,34129,19349,262,13496,13496,264,31132
0.062,0.590818301939,0.433251959399,19227,32543,1442,33985,19227,261,13488,13488,263,31132
0.063,0.589644012945,0.433155595529,19131,32445,1429,33874,19131,261,13485,13485,263,31132
0.064,0.58832807571,0.433059231659,19023,32334,1424,33758,19023,261,13482,13482,263,31132
0.065,0.587083359196,0.432866503919,18917,32222,1406,33628,18917,261,13476,13476,263,31132
0.066,0.585669781931,0.432705897469,18800,32100,1393,33493,18800,260,13471,13471,262,31132
0.067,0.584518266196,0.432481048439,18704,31999,1381,33380,18704,260,13464,13464,262,31132
0.068,0.583328108345,0.432352563279,18607,31898,1375,33273,18607,259,13460,13460,261,31132
0.069,0.582067490644,0.432256199409,18508,31797,1363,33160,18508,259,13457,13457,261,31132
0.07,0.580842670033,0.431967107799,18404,31685,1352,33037,18404,258,13448,13448,260,31132
0.071,0.57961057464,0.431870743929,18307,31585,1344,32929,18307,258,13445,13445,260,31132
0.072,0.578626535861,0.431678016189,18225,31497,1331,32828,18225,258,13439,13439,260,31132
0.073,0.577574676772,0.431453167159,18137,31402,1315,32717,18137,258,13432,13432,260,31132
0.074,0.576469836809,0.431324681999,18051,31313,1294,32607,18051,258,13428,13428,260,31132
0.075,0.575595543033,0.431099832969,17977,31232,1283,32515,17977,258,13421,13421,260,31132
0.076,0.57425678933,0.430842862649,17868,31115,1275,32390,17868,258,13413,13413,260,31132
0.077,0.573210831721,0.430553771039,17781,31020,1263,32283,17781,258,13404,13404,260,31132
0.078,0.572222760917,0.430425285879,17704,30939,1247,32186,17704,258,13400,13400,260,31132
0.079,0.571322099806,0.43007195169,17631,30860,1230,32090,17631,258,13389,13389,260,31132
0.08,0.570230744231,0.42987922395,17546,30770,1223,31993,17546,258,13383,13383,260,31132
0.081,0.569137492666,0.42965437492,17460,30678,1208,31886,17460,258,13376,13376,260,31132
0.082,0.568132801778,0.42959013234,17386,30602,1200,31802,17386,258,13374,13374,260,31132
0.083,0.56707856698,0.42933316202,17301,30509,1193,31702,17301,258,13366,13366,260,31132
0.084,0.565917984807,0.42904407041,17209,30409,1179,31588,17209,258,13357,13357,260,31132
0.085,0.564741200145,0.42881922138,17119,30313,1170,31483,17119,258,13350,13350,260,31132
0.086,0.563812547541,0.42865861493,17048,30237,1157,31394,17048,258,13345,13345,260,31132
0.087,0.56268869646,0.42833740203,16960,30141,1141,31282,16960,258,13335,13335,260,31132
0.088,0.561859784488,0.42808043171,16894,30068,1128,31196,16894,258,13327,13327,260,31132
0.089,0.560825911471,0.4277913401,16813,29979,1118,31097,16813,258,13318,13318,260,31132
0.09,0.559899665552,0.42753436978,16741,29900,1106,31006,16741,258,13310,13310,260,31132
0.091,0.558924139781,0.42730952075,16666,29818,1100,30918,16666,258,13303,13303,260,31132
0.092,0.558198924731,0.42718103559,16612,29760,1089,30849,16612,258,13299,13299,260,31132
0.093,0.557162116616,0.42689194398,16531,29670,1076,30746,16531,258,13290,13290,260,31132
0.094,0.556043807463,0.426731337531,16450,29584,1067,30651,16450,258,13285,13285,260,31132
0.095,0.555122513302,0.426506488501,16380,29507,1061,30568,16380,258,13278,13278,260,31132
0.096,0.554295030739,0.426345882051,16319,29441,1053,30494,16319,258,13273,13273,260,31132
0.097,0.553345819854,0.426121033021,16249,29365,1044,30409,16249,258,13266,13266,260,31132
0.098,0.552371845224,0.425831941411,16174,29281,1038,30319,16174,258,13257,13257,260,31132
0.099,0.551454981171,0.425639213671,16108,29210,1028,30238,16108,258,13251,13251,260,31132
0.1,0.550746524798,0.425221636901,16046,29135,1014,30149,16046,258,13238,13238,260,31132
0.101,0.550012042804,0.424868302711,15985,29063,1004,30067,15985,258,13227,13227,260,31132
0.102,0.54894042935,0.424579211101,15905,28974,995,29969,15905,258,13218,13218,260,31132
0.103,0.547680055402,0.424257998201,15817,28880,973,29853,15817,258,13208,13208,260,31132
0.104,0.546575437622,0.424001027881,15737,28792,965,29757,15737,258,13200,13200,260,31132
0.105,0.545378531861,0.423711936271,15654,28703,950,29653,15654,258,13191,13191,260,31132
0.106,0.5441870217,0.423487087241,15573,28617,937,29554,15573,258,13184,13184,260,31132
0.107,0.542875179743,0.423133753052,15479,28513,927,29440,15479,258,13173,13173,260,31132
0.108,0.5418117854,0.422684054992,15401,28425,912,29337,15401,258,13159,13159,260,31132
0.109,0.540871405892,0.422298599512,15331,28345,901,29246,15331,258,13147,13147,260,31132
0.11,0.539697709816,0.421977386612,15247,28251,892,29143,15247,258,13137,13137,260,31132
0.111,0.538647257234,0.421624052422,15171,28165,885,29050,15171,258,13126,13126,260,31132
0.112,0.537511126936,0.421463445972,15096,28085,875,28960,15096,258,13121,13121,260,31132
0.113,0.536450333964,0.421110111782,15019,27997,869,28866,15019,258,13110,13110,260,31132
0.114,0.535318782927,0.420692535012,14937,27903,861,28764,14937,258,13097,13097,260,31132
0.115,0.5343898232,0.420403443402,14871,27828,855,28683,14871,258,13088,13088,260,31132
0.116,0.533537574338,0.419889502762,14803,27745,846,28591,14803,258,13072,13072,260,31132
0.117,0.532221900767,0.419664653732,14717,27652,839,28491,14717,258,13065,13065,260,31132
0.118,0.531085544224,0.419182834383,14633,27553,829,28382,14633,258,13050,13050,260,31132
0.119,0.530148102325,0.418893742773,14569,27481,816,28297,14569,258,13041,13041,260,31132
0.12,0.529360242327,0.418347680843,14505,27401,806,28207,14505,258,13024,13024,260,31132
0.121,0.528428216011,0.418122831813,14443,27332,799,28131,14443,258,13017,13017,260,31132
0.122,0.527077137717,0.417865861493,14356,27237,793,28030,14356,258,13009,13009,260,31132
0.123,0.526309979394,0.417608891173,14303,27176,783,27959,14303,258,13001,13001,260,31132
0.124,0.525038776867,0.417191314403,14217,27078,778,27856,14217,258,12988,12988,260,31132
0.125,0.523574764623,0.416902222793,14125,26978,766,27744,14125,258,12979,12979,260,31132
0.126,0.522450801681,0.416324039573,14044,26881,756,27637,14044,258,12961,12961,260,31132
0.127,0.521288107765,0.416067069254,13970,26799,748,27547,13970,258,12953,12953,260,31132
0.128,0.520122795852,0.415713735064,13893,26711,739,27450,13893,258,12942,12942,260,31132
0.129,0.518949780265,0.415328279584,13816,26623,731,27354,13816,258,12930,12930,260,31132
0.13,0.517784476262,0.415007066684,13742,26540,723,27263,13742,258,12920,12920,260,31132
0.131,0.516451100522,0.414589489914,13656,26442,718,27160,13656,256,12907,12907,258,31132
0.132,0.514992788279,0.414300398304,13568,26346,710,27056,13568,254,12898,12898,256,31132
0.133,0.51384287292,0.413914942824,13493,26259,703,26962,13493,252,12886,12886,254,31132
0.134,0.512852832207,0.413497366054,13427,26181,694,26875,13427,251,12873,12873,253,31132
0.135,0.511672480546,0.412919182834,13348,26087,684,26771,13348,249,12855,12855,251,31132
0.136,0.510403446021,0.412630091224,13271,26001,677,26678,13271,249,12846,12846,251,31132
0.137,0.509358959515,0.412051908005,13198,25911,670,26581,13198,246,12828,12828,248,31132
0.138,0.508245586869,0.411698573815,13129,25832,664,26496,13129,245,12817,12817,247,31132
0.139,0.507084902364,0.411505846075,13062,25759,653,26412,13062,245,12811,12811,247,31132
0.14,0.506230044389,0.410991905435,13001,25682,650,26332,13001,243,12795,12795,245,31132
0.141,0.505252470028,0.410606449955,12938,25607,642,26249,12938,243,12783,12783,245,31132
0.142,0.504251067664,0.410092509315,12870,25523,638,26161,12870,243,12767,12767,245,31132
0.143,0.50324203246,0.409707053835,12806,25447,633,26080,12806,243,12755,12755,245,31132
0.144,0.502265831265,0.409385840935,12746,25377,629,26006,12746,242,12745,12745,244,31132
0.145,0.50112652674,0.409000385455,12678,25299,617,25916,12678,241,12733,12733,243,31132
0.146,0.500059460102,0.408711293846,12615,25227,616,25843,12615,240,12724,12724,242,31132
0.147,0.499145095232,0.408165231916,12553,25149,608,25757,12553,240,12707,12707,242,31132
0.148,0.497985077604,0.407683412566,12481,25063,598,25661,12481,239,12692,12692,241,31132
0.149,0.496897393811,0.407201593216,12412,24979,593,25572,12412,236,12677,12677,238,31132
0.15,0.49574194585,0.406751895156,12341,24894,585,25479,12341,234,12663,12663,236,31132
0.151,0.494416448297,0.406334318386,12264,24805,576,25381,12264,233,12650,12650,235,31132
0.152,0.4932448831,0.405852499036,12194,24722,566,25288,12194,230,12635,12635,232,31132
0.153,0.492311437497,0.405338558397,12134,24647,561,25208,12134,228,12619,12619,230,31132
0.154,0.490998696644,0.404824617757,12055,24552,555,25107,12055,228,12603,12603,230,31132
0.155,0.48972084849,0.404407040987,11982,24467,543,25010,11982,228,12590,12590,230,31132
0.156,0.488351107465,0.403989464217,11906,24380,536,24916,11906,228,12577,12577,230,31132
0.157,0.487390463652,0.403475523577,11847,24307,530,24837,11847,228,12561,12561,230,31132
0.158,0.486381644107,0.402961582937,11786,24232,524,24756,11786,228,12545,12545,230,31132
0.159,0.485267339844,0.402672491327,11726,24164,517,24681,11726,228,12536,12536,230,31132
0.16,0.484278296989,0.401965822947,11659,24075,512,24587,11659,228,12514,12514,230,31132
0.161,0.483294450925,0.401516124888,11601,24004,507,24511,11601,228,12500,12500,230,31132
0.162,0.482111510491,0.401130669408,11535,23926,502,24428,11535,228,12488,12488,230,31132
0.163,0.480979742482,0.400616728768,11468,23843,494,24337,11468,228,12472,12472,230,31132
0.164,0.48001850917,0.400167030708,11411,23772,489,24261,11411,227,12458,12458,229,31132
0.165,0.478598564795,0.399781575228,11338,23690,483,24173,11338,225,12446,12446,227,31132
0.166,0.477780599289,0.399331877168,11289,23628,471,24099,11289,225,12432,12432,226,31132
0.167,0.476627181251,0.398914300398,11226,23553,465,24018,11226,225,12419,12419,226,31132
0.168,0.47552715655,0.398368238468,11163,23475,459,23934,11163,223,12402,12402,224,31132
0.169,0.474540794532,0.398014904279,11109,23410,452,23862,11109,223,12391,12391,224,31132
0.17,0.473388755571,0.397597327509,11047,23336,443,23779,11047,223,12378,12378,224,31132
0.171,0.472433500924,0.397211872029,10994,23271,441,23712,10994,223,12366,12366,224,31132
0.172,0.47149321267,0.396794295259,10941,23205,440,23645,10941,223,12353,12353,224,31132
0.173,0.47066194262,0.396376718489,10893,23144,438,23582,10893,223,12340,12340,224,31132
0.174,0.469695655944,0.395734292689,10834,23066,435,23501,10834,223,12320,12320,224,31132
0.175,0.468740482924,0.395027624309,10774,22985,426,23411,10774,223,12298,12298,224,31132
0.176,0.467580666288,0.39448156238,10709,22903,420,23323,10709,223,12281,12281,224,31132
0.177,0.466149599054,0.39412822819,10638,22821,418,23239,10638,223,12270,12270,224,31132
0.178,0.465130595374,0.39348580239,10578,22742,414,23156,10578,223,12250,12250,224,31132
0.179,0.463866584311,0.39310034691,10514,22666,408,23074,10514,223,12238,12238,224,31132
0.18,0.462526576896,0.3924900424,10442,22576,400,22976,10442,223,12219,12219,224,31132
0.181,0.461647853524,0.3918476166,10388,22502,398,22900,10388,223,12199,12199,224,31132
0.182,0.460746288618,0.39126943338,10335,22431,394,22825,10335,223,12181,12181,224,31132
0.183,0.45962510625,0.390723371451,10274,22353,388,22741,10274,223,12164,12164,224,31132
0.184,0.45872218234,0.390177309521,10224,22288,382,22670,10224,223,12147,12147,224,31132
0.185,0.457498987535,0.389888217911,10167,22223,375,22598,10167,223,12138,12138,224,31132
0.186,0.456265522691,0.389406398561,10104,22145,368,22513,10104,223,12123,12123,224,31132
0.187,0.4553070096,0.389020943081,10055,22084,363,22447,10055,223,12111,12111,224,31132
0.188,0.454144500523,0.388250032121,9988,21993,358,22351,9988,223,12087,12087,224,31132
0.189,0.45311502326,0.387768212771,9935,21926,353,22279,9935,223,12072,12072,224,31132
0.19,0.451719243624,0.387222150842,9866,21841,349,22190,9866,223,12055,12055,224,31132
0.191,0.45057671982,0.386611846332,9805,21761,343,22104,9805,223,12036,12036,224,31132
0.192,0.449513802479,0.386226390852,9754,21699,337,22036,9754,223,12024,12024,224,31132
0.193,0.448360390361,0.385616086342,9694,21621,332,21953,9694,223,12005,12005,224,31132
0.194,0.447234082049,0.385102145702,9637,21548,326,21874,9637,223,11989,11989,224,31132
0.195,0.445905001631,0.384299113452,9566,21453,322,21775,9566,223,11964,11964,224,31132
0.196,0.444948550047,0.383656687653,9513,21380,320,21700,9513,223,11944,11944,224,31132
0.197,0.443636534222,0.383303353463,9457,21317,312,21629,9457,223,11933,11933,224,31132
0.198,0.442409116594,0.382628806373,9395,21236,306,21542,9395,223,11912,11912,224,31132
0.199,0.441330749965,0.381986380573,9339,21161,302,21463,9339,223,11892,11892,224,31132
0.2,0.440423109762,0.381183348323,9285,21082,296,21378,9285,223,11867,11867,224,31132
0.201,0.439582936584,0.380316073494,9233,21004,291,21295,9233,223,11840,11840,224,31132
0.202,0.438172171502,0.379737890274,9167,20921,286,21207,9167,223,11822,11822,224,31132
0.203,0.436870382807,0.379223949634,9107,20846,279,21125,9107,223,11806,11806,224,31132
0.204,0.435413153457,0.378549402544,9037,20755,276,21031,9037,223,11785,11785,224,31132
0.205,0.434456747739,0.377778491584,8985,20681,271,20952,8985,223,11761,11761,224,31132
0.206,0.433723244188,0.376814852884,8936,20603,269,20872,8936,223,11731,11731,224,31132
0.207,0.432415305874,0.376076063215,8871,20515,263,20778,8871,223,11708,11708,224,31132
0.208,0.43069161442,0.375369394835,8793,20416,257,20673,8793,223,11686,11686,224,31132
0.209,0.429329924782,0.374823332905,8733,20341,252,20593,8733,223,11669,11669,224,31132
0.21,0.428021327014,0.374052421945,8670,20256,249,20505,8670,223,11645,11645,224,31132
0.211,0.426850428833,0.373185147116,8610,20171,242,20413,8610,223,11618,11618,224,31132
0.212,0.425704611095,0.372221508416,8549,20082,235,20317,8549,223,11588,11588,224,31132
0.213,0.424395362782,0.371739689066,8493,20012,233,20245,8493,223,11573,11573,224,31132
0.214,0.422905055982,0.370936656816,8423,19917,230,20147,8423,223,11548,11548,224,31132
0.215,0.421318005345,0.370326352306,8356,19833,223,20056,8356,223,11529,11529,224,31132
0.216,0.42,0.369619683927,8295,19750,221,19971,8295,223,11507,11507,224,31132
0.217,0.418979363627,0.368848772967,8243,19674,218,19892,8243,223,11483,11483,224,31132
0.218,0.417691797254,0.368109983297,8183,19591,218,19809,8183,223,11460,11460,224,31132
0.219,0.416295157571,0.367563921367,8124,19515,214,19729,8124,223,11443,11443,224,31132
0.22,0.41490293012,0.366632403957,8057,19419,210,19629,8057,223,11414,11414,224,31132
0.221,0.413757434704,0.365765129128,8000,19335,209,19544,8000,223,11387,11387,224,31132
0.222,0.41241823279,0.365186945908,7944,19262,204,19466,7944,223,11369,11369,224,31132
0.223,0.41115164148,0.364608762688,7890,19190,203,19393,7890,223,11351,11351,224,31132
0.224,0.409624044403,0.363805730438,7823,19098,202,19300,7823,223,11326,11326,224,31132
0.225,0.408658145284,0.362617242708,7769,19011,194,19205,7769,223,11289,11289,224,31132
0.226,0.407438715131,0.361749967879,7712,18928,187,19115,7712,223,11262,11262,224,31132
0.227,0.40607412127,0.360722086599,7648,18834,185,19019,7648,223,11230,11230,224,31132
0.228,0.405063965885,0.359886933059,7599,18760,182,18942,7599,223,11204,11204,224,31132
0.229,0.403853358309,0.359180264679,7546,18685,180,18865,7546,223,11182,11182,224,31132
0.23,0.402514371676,0.35860208146,7492,18613,177,18790,7492,223,11164,11164,224,31132
0.231,0.401455525606,0.35792753437,7447,18550,170,18720,7447,222,11143,11143,223,31132
0.232,0.400779473855,0.35680328922,7404,18474,164,18638,7404,222,11108,11108,223,31132
0.233,0.399358242236,0.3559038931,7343,18387,161,18548,7343,222,11080,11080,223,31132
0.234,0.397978694346,0.355132982141,7285,18305,155,18460,7285,221,11056,11056,222,31132
0.235,0.396774016569,0.354329949891,7232,18227,154,18381,7232,221,11031,11031,222,31132
0.236,0.395295025067,0.353687524091,7175,18151,153,18304,7175,220,11011,11011,221,31132
0.237,0.394179162286,0.352788127971,7124,18073,152,18225,7124,218,10983,10983,219,31132
0.238,0.392777777778,0.352145702171,7070,18000,145,18145,7070,216,10963,10963,217,31132
0.239,0.391551810725,0.351310548632,7017,17921,145,18066,7017,216,10937,10937,217,31132
0.24,0.390351860152,0.350539637672,6967,17848,142,17990,6967,216,10913,10913,217,31132
0.241,0.388791889609,0.349608120262,6903,17755,138,17893,6903,215,10884,10884,216,31132
0.242,0.387569279493,0.348869330592,6853,17682,138,17820,6853,215,10861,10861,216,31132
0.243,0.386239782016,0.348291147372,6804,17616,136,17752,6804,215,10843,10843,216,31132
0.244,0.384817201848,0.347455993833,6747,17533,135,17668,6747,214,10817,10817,215,31132
0.245,0.383407814828,0.346652961583,6692,17454,134,17588,6692,212,10792,10792,213,31132
0.246,0.381972025557,0.345849929333,6636,17373,132,17505,6636,211,10767,10767,212,31132
0.247,0.38083680074,0.345079018373,6590,17304,130,17434,6590,211,10743,10743,212,31132
0.248,0.379824714145,0.344147500964,6544,17229,127,17356,6544,208,10714,10714,209,31132
0.249,0.37867925628,0.343280226134,6497,17157,123,17280,6497,208,10687,10687,209,31132
0.25,0.37781284704,0.342734164204,6464,17109,118,17227,6464,206,10670,10670,207,31132
0.251,0.376849025593,0.341770525504,6420,17036,113,17149,6420,204,10640,10640,205,31132
0.252,0.375176803395,0.341320827444,6366,16968,111,17079,6366,203,10626,10626,204,31132
0.253,0.373978443681,0.340325067455,6315,16886,106,16992,6315,202,10595,10595,203,31132
0.254,0.372522173939,0.339361428755,6258,16799,103,16902,6258,202,10565,10565,203,31132
0.255,0.371571966302,0.338622639085,6219,16737,103,16840,6219,202,10542,10542,203,31132
0.256,0.370199231877,0.337883849415,6169,16664,101,16765,6169,199,10519,10519,200,31132
0.257,0.368957203134,0.337016574586,6121,16590,99,16689,6121,199,10492,10492,200,31132
0.258,0.367461855171,0.336309906206,6069,16516,98,16614,6069,199,10470,10470,200,31132
0.259,0.366624141911,0.335603237826,6035,16461,96,16557,6035,198,10448,10448,199,31132
0.26,0.36525558131,0.334960812026,5988,16394,94,16488,5988,198,10428,10428,199,31132
0.261,0.364004168455,0.333965052036,5938,16313,93,16406,5938,196,10397,10397,197,31132
0.262,0.362903721932,0.333322626237,5899,16255,90,16345,5899,194,10377,10377,195,31132
0.263,0.361407841927,0.332872928177,5853,16195,89,16284,5853,192,10363,10363,193,31132
0.264,0.360661833054,0.332069895927,5820,16137,82,16219,5820,191,10338,10338,192,31132
0.265,0.359228135699,0.331298984967,5771,16065,80,16145,5771,191,10314,10314,192,31132
0.266,0.35800925347,0.330463831427,5726,15994,78,16072,5726,191,10288,10288,192,31132
0.267,0.35658671355,0.329789284338,5679,15926,76,16002,5679,190,10267,10267,191,31132
0.268,0.355314588324,0.329114737248,5636,15862,75,15937,5636,189,10246,10246,190,31132
0.269,0.35438552082,0.328343826288,5600,15802,71,15873,5600,186,10222,10222,187,31132
0.27,0.353356216629,0.327412308878,5559,15732,71,15803,5559,184,10193,10193,185,31132
0.271,0.352089314195,0.326866246948,5519,15675,67,15742,5519,184,10176,10176,185,31132
0.272,0.350861461603,0.326191699859,5478,15613,67,15680,5478,184,10155,10155,185,31132
0.273,0.349140981919,0.325517152769,5426,15541,66,15607,5426,184,10134,10134,185,31132
0.274,0.348030987734,0.325003212129,5391,15490,66,15556,5391,184,10118,10118,185,31132
0.275,0.346871356393,0.324489271489,5355,15438,63,15501,5355,184,10102,10102,185,31132
0.276,0.345993756504,0.323589875369,5320,15376,61,15437,5320,184,10074,10074,185,31132
0.277,0.344917690097,0.32262623667,5280,15308,58,15366,5280,184,10044,10044,185,31132
0.278,0.344479412536,0.32166259797,5254,15252,56,15308,5254,184,10014,10014,185,31132
0.279,0.343301277829,0.32073108056,5212,15182,55,15237,5212,184,9985,9985,185,31132
0.28,0.342672128981,0.32002441218,5186,15134,54,15188,5186,184,9963,9963,185,31132
0.281,0.341712542283,0.319253501221,5152,15077,52,15129,5152,184,9939,9939,185,31132
0.282,0.340302283774,0.318707439291,5111,15019,52,15071,5111,184,9922,9922,185,31132
0.283,0.33915078569,0.317904407041,5072,14955,51,15006,5072,184,9897,9897,185,31132
0.284,0.338190853536,0.316972889631,5036,14891,50,14941,5036,184,9868,9868,185,31132
0.285,0.337001282657,0.315880765772,4992,14813,50,14863,4992,184,9834,9834,185,31132
0.286,0.335569105691,0.315431067712,4953,14760,48,14808,4953,184,9820,9820,185,31132
0.287,0.334444520035,0.314660156752,4916,14699,48,14747,4916,184,9796,9796,185,31132
0.288,0.333606333606,0.314017730952,4888,14652,47,14699,4888,184,9776,9776,185,31132
0.289,0.332717316906,0.313535911602,4861,14610,47,14657,4861,184,9761,9761,185,31132
0.29,0.331890926575,0.312829243222,4832,14559,46,14605,4832,184,9739,9739,185,31132
0.291,0.330552299524,0.312251060003,4794,14503,42,14545,4794,184,9721,9721,185,31132
0.292,0.329340073402,0.311415906463,4756,14441,38,14479,4756,184,9695,9695,185,31132
0.293,0.329120955423,0.310644995503,4740,14402,37,14439,4740,184,9671,9671,185,31132
0.294,0.328130443872,0.310002569703,4709,14351,36,14387,4709,184,9651,9651,185,31132
0.295,0.326803330302,0.309360143903,4671,14293,35,14328,4671,184,9631,9631,185,31132
0.296,0.325890035812,0.308653475524,4641,14241,35,14276,4641,184,9609,9609,185,31132
0.297,0.324973582247,0.308075292304,4613,14195,35,14230,4613,184,9591,9591,185,31132
0.298,0.323856001132,0.307368623924,4579,14139,35,14174,4579,184,9569,9569,185,31132
0.299,0.322903363133,0.306790440704,4551,14094,34,14128,4551,184,9551,9551,185,31132
0.3,0.321555777176,0.306180136194,4514,14038,34,14072,4514,184,9532,9532,185,31132
0.301,0.320177637705,0.305120133625,4470,13961,34,13995,4470,184,9499,9499,185,31132
0.302,0.318882327524,0.303995888475,4428,13886,31,13917,4428,184,9464,9464,185,31132
0.303,0.317507418398,0.303096492355,4387,13817,30,13847,4387,184,9436,9436,185,31132
0.304,0.317043061506,0.302293460105,4366,13771,30,13801,4366,184,9411,9411,185,31132
0.305,0.316019842428,0.301361942696,4332,13708,28,13736,4332,184,9382,9382,185,31132
0.306,0.315592972182,0.300462546576,4311,13660,26,13686,4311,184,9354,9354,185,31132
0.307,0.314287815281,0.299691635616,4274,13599,25,13624,4274,184,9330,9330,185,31132
0.308,0.313441654357,0.298760118206,4244,13540,24,13564,4244,184,9301,9301,185,31132
0.309,0.311854329246,0.297571630477,4196,13455,23,13478,4196,184,9264,9264,185,31132
0.31,0.310784606205,0.296993447257,4167,13408,23,13431,4167,184,9246,9246,185,31132
0.311,0.309350902149,0.296479506617,4132,13357,22,13379,4132,184,9230,9230,185,31132
0.312,0.308692059199,0.295740716947,4109,13311,22,13333,4109,184,9207,9207,185,31132
0.313,0.30757038267,0.294841320827,4075,13249,22,13271,4075,184,9179,9179,185,31132
0.314,0.306439393939,0.294231016318,4045,13200,21,13221,4045,184,9160,9160,185,31132
0.315,0.305551330798,0.293492226648,4018,13150,21,13171,4018,184,9137,9137,185,31132
0.316,0.304165074513,0.292624951818,3980,13085,21,13106,3980,184,9110,9110,185,31132
0.317,0.303190673416,0.291982526018,3953,13038,19,13057,3953,184,9090,9090,185,31132
0.318,0.30207852194,0.291372221508,3924,12990,18,13008,3924,184,9071,9071,185,31132
0.319,0.300689014477,0.290312218939,3884,12917,17,12934,3884,184,9038,9038,185,31132
0.32,0.300551970769,0.289155852499,3866,12863,17,12880,3866,184,9002,9002,185,31132
0.321,0.300226261996,0.288256456379,3848,12817,17,12834,3848,184,8974,8974,185,31132
0.322,0.298414940364,0.28732493897,3803,12744,15,12759,3803,184,8945,8945,185,31132
0.323,0.297122585731,0.28648978543,3769,12685,14,12699,3769,184,8919,8919,185,31132
0.324,0.295880445956,0.28613645124,3742,12647,13,12660,3742,184,8908,8908,185,31132
0.325,0.295400475813,0.28549402544,3725,12610,12,12622,3725,184,8888,8888,185,31132
0.326,0.293892825862,0.28494796351,3691,12559,12,12571,3691,184,8871,8871,185,31132
0.327,0.292712162378,0.28440190158,3663,12514,12,12526,3663,184,8854,8854,185,31132
0.328,0.291837226102,0.283502505461,3636,12459,12,12471,3636,184,8826,8826,185,31132
0.329,0.290884178286,0.282699473211,3609,12407,11,12418,3609,184,8801,8801,185,31132
0.33,0.289933646221,0.281928562251,3583,12358,10,12368,3583,184,8777,8777,185,31132
0.331,0.28859278518,0.281318257741,3552,12308,10,12318,3552,184,8758,8758,185,31132
0.332,0.287485723609,0.280611589361,3524,12258,10,12268,3524,182,8736,8736,183,31132
0.333,0.287234913617,0.279680071952,3508,12213,10,12223,3508,182,8707,8707,183,31132
0.334,0.28617231174,0.278973403572,3481,12164,10,12174,3481,181,8685,8685,182,31132
0.335,0.285513941594,0.278266735192,3461,12122,10,12132,3461,181,8663,8663,182,31132
0.336,0.284602004473,0.277495824232,3436,12073,9,12082,3436,181,8639,8639,182,31132
0.337,0.283624272652,0.276885519722,3412,12030,9,12039,3412,180,8620,8620,181,31132
0.338,0.2832693271,0.275825517153,3393,11978,9,11987,3393,180,8587,8587,181,31132
0.339,0.282132975602,0.275086727483,3365,11927,9,11936,3365,179,8564,8564,180,31132
0.34,0.280997304582,0.274251573943,3336,11872,8,11880,3336,178,8538,8538,179,31132
0.341,0.279851062029,0.273416420403,3307,11817,7,11824,3307,176,8512,8512,177,31132
0.342,0.278712198437,0.272773994604,3281,11772,5,11777,3281,175,8492,8492,175,31132
0.343,0.277806209485,0.272003083644,3257,11724,5,11729,3257,175,8468,8468,175,31132
0.344,0.277364142062,0.271264293974,3241,11685,5,11690,3241,175,8445,8445,175,31132
0.345,0.276303358241,0.270686110754,3217,11643,5,11648,3217,171,8427,8427,171,31132
0.346,0.275364821691,0.269593986895,3189,11581,5,11586,3189,167,8393,8393,167,31132
0.347,0.274232703312,0.268919439805,3163,11534,5,11539,3163,167,8372,8372,167,31132
0.348,0.273502043656,0.268373377875,3145,11499,5,11504,3145,167,8355,8355,167,31132
0.349,0.272402059157,0.267891558525,3122,11461,5,11466,3122,167,8340,8340,167,31132
0.35,0.271747700394,0.267056404985,3102,11415,5,11420,3102,166,8314,8314,166,31132
0.351,0.271041996134,0.266542464345,3085,11382,5,11387,3085,165,8298,8298,165,31132
0.352,0.270177295581,0.265803674676,3063,11337,5,11342,3063,165,8275,8275,165,31132
0.353,0.269329554512,0.265032763716,3041,11291,5,11296,3041,165,8251,8251,165,31132
0.354,0.26848560256,0.264422459206,3021,11252,5,11257,3021,165,8232,8232,165,31132
0.355,0.2674574155,0.263876397276,2999,11213,5,11218,2999,164,8215,8215,164,31132
0.356,0.266260526787,0.263105486316,2972,11162,5,11167,2972,164,8191,8191,164,31132
0.357,0.265377697842,0.262430939227,2951,11120,5,11125,2951,164,8170,8170,164,31132
0.358,0.26440831075,0.261595785687,2927,11070,5,11075,2927,163,8144,8144,163,31132
0.359,0.263229554325,0.260760632147,2900,11017,5,11022,2900,162,8118,8118,162,31132
0.36,0.26225177628,0.260182448927,2879,10978,4,10982,2879,161,8100,8100,161,31132
0.361,0.261497668465,0.259475780547,2860,10937,4,10941,2860,161,8078,8078,161,31132
0.362,0.260869565217,0.258865476038,2844,10902,4,10906,2844,161,8059,8059,161,31132
0.363,0.26039749724,0.258223050238,2830,10868,4,10872,2830,161,8039,8039,161,31132
0.364,0.259532822454,0.257644867018,2811,10831,4,10835,2811,161,8021,8021,161,31132
0.365,0.259626064421,0.256970319928,2805,10804,4,10808,2805,161,8000,8000,161,31132
0.366,0.258756852179,0.256263651548,2785,10763,3,10766,2785,161,7978,7978,161,31132
0.367,0.257505127727,0.255813953488,2762,10726,3,10729,2762,160,7964,7964,160,31132
0.368,0.256573406943,0.255203648979,2742,10687,3,10690,2742,160,7945,7945,160,31132
0.369,0.255449079293,0.254561223179,2719,10644,3,10647,2719,160,7925,7925,160,31132
0.37,0.255064543484,0.253950918669,2707,10613,3,10616,2707,159,7906,7906,159,31132
0.371,0.25427572522,0.253501220609,2691,10583,3,10586,2691,159,7892,7892,159,31132
0.372,0.253105737316,0.252987279969,2669,10545,2,10547,2669,159,7876,7876,159,31132
0.373,0.252354228099,0.252473339329,2653,10513,2,10515,2653,159,7860,7860,159,31132
0.374,0.252027091481,0.251863034819,2642,10483,2,10485,2642,159,7841,7841,159,31132
0.375,0.251292855775,0.25112424515,2624,10442,2,10444,2624,159,7818,7818,159,31132
0.376,0.250817150548,0.2503212129,2609,10402,2,10404,2609,159,7793,7793,159,31132
0.377,0.250120528396,0.24980727226,2594,10371,2,10373,2594,159,7777,7777,159,31132
0.378,0.24912959381,0.24938969549,2576,10340,1,10341,2576,159,7764,7764,159,31132
0.379,0.248883278306,0.24845817808,2563,10298,1,10299,2563,159,7735,7735,159,31132
0.38,0.247904891834,0.247912116151,2544,10262,1,10263,2544,159,7718,7718,159,31132
0.381,0.247188813924,0.247301811641,2528,10227,1,10228,2528,159,7699,7699,159,31132
0.382,0.247130383597,0.246498779391,2519,10193,1,10194,2519,159,7674,7674,159,31132
0.383,0.245741852909,0.246081202621,2496,10157,1,10158,2496,159,7661,7661,159,31132
0.384,0.244363132911,0.245438776821,2471,10112,1,10113,2471,159,7641,7641,159,31132
0.385,0.243946010322,0.244699987151,2458,10076,1,10077,2458,159,7618,7618,159,31132
0.386,0.243375174338,0.243961197482,2443,10038,1,10039,2443,159,7595,7595,159,31132
0.387,0.242597038816,0.243190286522,2425,9996,1,9997,2425,159,7571,7571,159,31132
0.388,0.242257191541,0.242836952332,2417,9977,1,9978,2417,159,7560,7560,159,31132
0.389,0.240845070423,0.242387254272,2394,9940,1,9941,2394,159,7546,7546,159,31132
0.39,0.240189649955,0.241937556212,2381,9913,1,9914,2381,159,7532,7532,159,31132
0.391,0.239579117766,0.241423615572,2368,9884,1,9885,2368,159,7516,7516,159,31132
0.392,0.238868039355,0.241038160093,2355,9859,1,9860,2355,159,7504,7504,159,31132
0.393,0.238637519065,0.240524219453,2347,9835,0,9835,2347,159,7488,7488,159,31132
0.394,0.238454480579,0.239946036233,2339,9809,0,9809,2339,159,7470,7470,159,31132
0.395,0.237773685287,0.239303610433,2324,9774,0,9774,2324,159,7450,7450,159,31132
0.396,0.237449953804,0.238596942053,2313,9741,0,9741,2313,159,7428,7428,159,31132
0.397,0.236953165208,0.238115122703,2302,9715,0,9715,2302,159,7413,7413,159,31132
0.398,0.236089604625,0.237697545933,2287,9687,0,9687,2287,159,7400,7400,159,31132
0.399,0.235689887175,0.237183605294,2277,9661,0,9661,2277,159,7384,7384,159,31132
0.4,0.235318530816,0.236733907234,2268,9638,0,9638,2268,159,7370,7370,159,31132
0.401,0.234472696957,0.235962996274,2250,9596,0,9596,2250,159,7346,7346,159,31132
0.402,0.233517918713,0.235641783374,2235,9571,0,9571,2235,159,7336,7336,159,31132
0.403,0.233245936025,0.234838751124,2224,9535,0,9535,2224,159,7311,7311,159,31132
0.404,0.232421052632,0.234228446614,2208,9500,0,9500,2208,159,7292,7292,159,31132
0.405,0.232159847764,0.233296929205,2196,9459,0,9459,2196,159,7263,7263,159,31132
0.406,0.231527615817,0.232847231145,2184,9433,0,9433,2184,159,7249,7249,159,31132
0.407,0.230572705983,0.232172684055,2166,9394,0,9394,2166,159,7228,7228,159,31132
0.408,0.229692176144,0.231498136965,2149,9356,0,9356,2149,159,7207,7207,159,31132
0.409,0.228789016411,0.230952075035,2133,9323,0,9323,2133,159,7190,7190,159,31132
0.41,0.228143841516,0.230277527946,2119,9288,0,9288,2119,159,7169,7169,159,31132
0.411,0.227375932533,0.229538738276,2103,9249,0,9249,2103,159,7146,7146,159,31132
0.412,0.226576918901,0.228832069896,2087,9211,0,9211,2087,159,7124,7124,159,31132
0.413,0.226010238536,0.228253886676,2075,9181,0,9181,2075,159,7106,7106,159,31132
0.414,0.225841714036,0.227482975716,2066,9148,0,9148,2066,159,7082,7082,159,31132
0.415,0.224950668713,0.227097520236,2052,9122,0,9122,2052,159,7070,7070,159,31132
0.416,0.223798526339,0.226712064757,2035,9093,0,9093,2035,159,7058,7058,159,31132
0.417,0.222626931567,0.226230245407,2017,9060,0,9060,2017,159,7043,7043,159,31132
0.418,0.221668328348,0.225684183477,2001,9027,0,9027,2001,159,7026,7026,159,31132
0.419,0.221308743473,0.225138121547,1992,9001,0,9001,1992,159,7009,7009,159,31132
0.42,0.220412716118,0.224495695747,1976,8965,0,8965,1976,159,6989,6989,159,31132
0.421,0.219239373602,0.224206604137,1960,8940,0,8940,1960,159,6980,6980,159,31132
0.422,0.218479847311,0.223596299627,1946,8907,0,8907,1946,159,6961,6961,159,31132
0.423,0.218007878447,0.223178722858,1937,8885,0,8885,1937,159,6948,6948,159,31132
0.424,0.217646395126,0.222729024798,1929,8863,0,8863,1929,159,6934,6934,159,31132
0.425,0.216188640744,0.222086598998,1907,8821,0,8821,1907,159,6914,6914,159,31132
0.426,0.215155307771,0.221572658358,1891,8789,0,8789,1891,159,6898,6898,159,31132
0.427,0.21407356637,0.220994475138,1874,8754,0,8754,1874,159,6880,6880,159,31132
0.428,0.214113597246,0.219998715148,1866,8715,0,8715,1866,158,6849,6849,158,31132
0.429,0.213199723566,0.219420531929,1851,8682,0,8682,1851,158,6831,6831,158,31132
0.43,0.212502888838,0.218906591289,1839,8654,0,8654,1839,158,6815,6815,158,31132
0.431,0.211136890951,0.218424771939,1820,8620,0,8620,1820,155,6800,6800,155,31132
0.432,0.210287443268,0.217975073879,1807,8593,0,8593,1807,154,6786,6786,154,31132
0.433,0.209524921209,0.217525375819,1795,8567,0,8567,1795,154,6772,6772,154,31132
0.434,0.209157981028,0.216915071309,1786,8539,0,8539,1786,154,6753,6753,154,31132
0.435,0.208979783733,0.216176281639,1778,8508,0,8508,1778,152,6730,6730,152,31132
0.436,0.208298950843,0.21572658358,1767,8483,0,8483,1767,152,6716,6716,152,31132
0.437,0.207712325526,0.21514840036,1756,8454,0,8454,1756,151,6698,6698,151,31132
0.438,0.207260647764,0.21463445972,1747,8429,0,8429,1747,151,6682,6682,151,31132
0.439,0.206568300809,0.21418476166,1736,8404,0,8404,1736,148,6668,6668,148,31132
0.44,0.205639861393,0.21354233586,1721,8369,0,8369,1721,146,6648,6648,146,31132
0.441,0.203956834532,0.21325324425,1701,8340,0,8340,1701,146,6639,6639,146,31132
0.442,0.203558975592,0.2127714249,1693,8317,0,8317,1693,145,6624,6624,145,31132
0.443,0.202991195272,0.212257484261,1683,8291,0,8291,1683,145,6608,6608,145,31132
0.444,0.202296072508,0.212032635231,1674,8275,0,8275,1674,143,6601,6601,143,31132
0.445,0.201212856277,0.211550815881,1659,8245,0,8245,1659,142,6586,6586,142,31132
0.446,0.20070593963,0.210940511371,1649,8216,0,8216,1649,142,6567,6567,142,31132
0.447,0.200244200244,0.210394449441,1640,8190,0,8190,1640,141,6550,6550,141,31132
0.448,0.199583435432,0.209848387511,1629,8162,0,8162,1629,141,6533,6533,141,31132
0.449,0.199410246959,0.209302325581,1623,8139,0,8139,1623,141,6516,6516,141,31132
0.45,0.198742448527,0.208756263652,1612,8111,0,8111,1612,140,6499,6499,140,31132
0.451,0.197896039604,0.208178080432,1599,8080,0,8080,1599,140,6481,6481,140,31132
0.452,0.197368421053,0.207696261082,1590,8056,0,8056,1590,140,6466,6466,140,31132
0.453,0.197361871578,0.207182320442,1586,8036,0,8036,1586,140,6450,6450,140,31132
0.454,0.196880848409,0.206764743672,1578,8015,0,8015,1578,138,6437,6437,138,31132
0.455,0.196245306633,0.206282924322,1568,7990,0,7990,1568,138,6422,6422,138,31132
0.456,0.195455686668,0.205865347552,1557,7966,0,7966,1557,136,6409,6409,136,31132
0.457,0.195011337868,0.205255043043,1548,7938,0,7938,1548,135,6390,6390,135,31132
0.458,0.194943109987,0.204548374663,1542,7910,0,7910,1542,134,6368,6368,134,31132
0.459,0.19502916561,0.203905948863,1538,7886,0,7886,1538,132,6348,6348,132,31132
0.46,0.194278448824,0.203552614673,1528,7865,0,7865,1528,129,6337,6337,129,31132
0.461,0.193959474959,0.203167159193,1522,7847,0,7847,1522,128,6325,6325,128,31132
0.462,0.19299591002,0.202813825003,1510,7824,0,7824,1510,128,6314,6314,128,31132
0.463,0.192416090187,0.202492612103,1502,7806,0,7806,1502,128,6304,6304,128,31132
0.464,0.191492096132,0.202075035333,1490,7781,0,7781,1490,128,6291,6291,128,31132
0.465,0.190586718246,0.201625337274,1478,7755,0,7755,1478,128,6277,6277,128,31132
0.466,0.190482348377,0.201079275344,1473,7733,0,7733,1473,128,6260,6260,128,31132
0.467,0.190352697095,0.200565334704,1468,7712,0,7712,1468,128,6244,6244,128,31132
0.468,0.189565443664,0.200083515354,1457,7686,0,7686,1457,128,6229,6229,128,31132
0.469,0.189344476365,0.199408968264,1450,7658,0,7658,1450,127,6208,6208,127,31132
0.47,0.188923802042,0.198991391494,1443,7638,0,7638,1443,127,6195,6195,127,31132
0.471,0.188327868852,0.198798663754,1436,7625,0,7625,1436,127,6189,6189,127,31132
0.472,0.187894736842,0.198252601824,1428,7600,0,7600,1428,127,6172,6172,127,31132
0.473,0.187755640586,0.197738661185,1423,7579,0,7579,1423,127,6156,6156,127,31132
0.474,0.187293183322,0.197224720545,1415,7555,0,7555,1415,127,6140,6140,127,31132
0.475,0.186463171865,0.196903507645,1405,7535,0,7535,1405,127,6130,6130,127,31132
0.476,0.185761809714,0.196550173455,1396,7515,0,7515,1396,126,6119,6119,126,31132
0.477,0.184947958367,0.196196839265,1386,7494,0,7494,1386,125,6108,6108,125,31132
0.478,0.184773882794,0.195715019915,1381,7474,0,7474,1381,124,6093,6093,124,31132
0.479,0.184171696848,0.195361685725,1373,7455,0,7455,1373,123,6082,6082,123,31132
0.48,0.183629509962,0.194783502505,1364,7428,0,7428,1364,123,6064,6064,123,31132
0.481,0.183427953501,0.194044712836,1357,7398,0,7398,1357,122,6041,6041,122,31132
0.482,0.183211282886,0.193466529616,1351,7374,0,7374,1351,122,6023,6023,122,31132
0.483,0.182683158896,0.193145316716,1344,7357,0,7357,1344,121,6013,6013,121,31132
0.484,0.182338511856,0.192727739946,1338,7338,0,7338,1338,121,6000,6000,121,31132
0.485,0.181470347089,0.192406527046,1328,7318,0,7318,1328,120,5990,5990,120,31132
0.486,0.18132018625,0.192021071566,1324,7302,0,7302,1324,119,5978,5978,119,31132
0.487,0.181032116388,0.191667737376,1319,7286,0,7286,1319,117,5967,5967,117,31132
0.488,0.180616740088,0.191185918026,1312,7264,0,7264,1312,117,5952,5952,117,31132
0.489,0.180463576159,0.190800462547,1308,7248,0,7248,1308,115,5940,5940,115,31132
0.49,0.17985909656,0.190704098677,1302,7239,0,7239,1302,114,5937,5937,114,31132
0.491,0.179401993355,0.190415007067,1296,7224,0,7224,1296,114,5928,5928,114,31132
0.492,0.178576384071,0.190158036747,1287,7207,0,7207,1287,114,5920,5920,114,31132
0.493,0.178025034771,0.189836823847,1280,7190,0,7190,1280,113,5910,5910,113,31132
0.494,0.177889307124,0.189419247077,1276,7173,0,7173,1276,113,5897,5897,113,31132
0.495,0.177516449671,0.188712578697,1268,7143,0,7143,1268,113,5875,5875,113,31132
0.496,0.177048260382,0.188423487087,1262,7128,0,7128,1262,113,5866,5866,113,31132
0.497,0.177256114703,0.188005910317,1261,7114,0,7114,1261,113,5853,5853,113,31132
0.498,0.176976187121,0.187620454837,1256,7097,0,7097,1256,112,5841,5841,112,31132
0.499,0.17633771001,0.187395605808,1249,7083,0,7083,1249,111,5834,5834,111,31132
0.5,0.175187650474,0.187074392908,1237,7061,0,7061,1237,109,5824,5824,109,31132
0.501,0.174445076836,0.186367724528,1226,7028,0,7028,1226,109,5802,5802,109,31132
0.502,0.174360440189,0.185564692278,1220,6997,0,6997,1220,108,5777,5777,108,31132
0.503,0.17338883307,0.184986509058,1208,6967,0,6967,1208,108,5759,5759,108,31132
0.504,0.172190201729,0.184536810998,1195,6940,0,6940,1195,108,5745,5745,108,31132
0.505,0.171341816079,0.184087112938,1185,6916,0,6916,1185,106,5731,5731,106,31132
0.506,0.171469949312,0.183765900039,1184,6905,0,6905,1184,106,5721,5721,106,31132
0.507,0.171050719372,0.183219838109,1177,6881,0,6881,1177,105,5704,5704,105,31132
0.508,0.170191045647,0.182770140049,1167,6857,0,6857,1167,104,5690,5690,104,31132
0.509,0.169469220646,0.182448927149,1159,6839,0,6839,1159,103,5680,5680,103,31132
0.51,0.168671164564,0.182063471669,1150,6818,0,6818,1150,102,5668,5668,102,31132
0.511,0.168162424599,0.181613773609,1143,6797,0,6797,1143,102,5654,5654,102,31132
0.512,0.167551622419,0.181292560709,1136,6780,0,6780,1136,101,5644,5644,101,31132
0.513,0.167282399882,0.181003469099,1132,6767,0,6767,1132,100,5635,5635,100,31132
0.514,0.167135871981,0.180553771039,1128,6749,0,6749,1128,100,5621,5621,100,31132
0.515,0.166741038227,0.17994346653,1121,6723,0,6723,1121,99,5602,5602,99,31132
0.516,0.16644275265,0.17936528331,1115,6699,0,6699,1115,99,5584,5584,99,31132
0.517,0.166068222621,0.17904407041,1110,6684,0,6684,1110,97,5574,5574,97,31132
0.518,0.165815560228,0.17840164461,1104,6658,0,6658,1104,97,5554,5554,97,31132
0.519,0.165310427969,0.17791982526,1097,6636,0,6636,1097,97,5539,5539,97,31132
0.52,0.164929768917,0.17759861236,1092,6621,0,6621,1092,97,5529,5529,97,31132
0.521,0.164773587763,0.1771489143,1088,6603,0,6603,1088,96,5515,5515,96,31132
0.522,0.16459155785,0.176731337531,1084,6586,0,6586,1084,96,5502,5502,96,31132
0.523,0.163283992065,0.176121033021,1070,6553,0,6553,1070,96,5483,5483,96,31132
0.524,0.162865452319,0.175671334961,1064,6533,0,6533,1064,95,5469,5469,95,31132
0.525,0.162315724816,0.175221636901,1057,6512,0,6512,1057,95,5455,5455,95,31132
0.526,0.161966404685,0.174675574971,1051,6489,0,6489,1051,95,5438,5438,95,31132
0.527,0.161928306551,0.174225876911,1048,6472,0,6472,1048,95,5424,5424,95,31132
0.528,0.161080074488,0.173647693691,1038,6444,0,6444,1038,94,5406,5406,94,31132
0.529,0.16067817701,0.173326480791,1033,6429,0,6429,1033,94,5396,5396,94,31132
0.53,0.159931346544,0.172941025312,1025,6409,0,6409,1025,93,5384,5384,93,31132
0.531,0.159467918623,0.172523448542,1019,6390,0,6390,1019,92,5371,5371,92,31132
0.532,0.159240665202,0.172137993062,1015,6374,0,6374,1015,92,5359,5359,92,31132
0.533,0.158954988983,0.171656173712,1010,6354,0,6354,1010,90,5344,5344,90,31132
0.534,0.157919696491,0.171110111782,999,6326,0,6326,999,89,5327,5327,89,31132
0.535,0.157544026654,0.170564049852,993,6303,0,6303,993,88,5310,5310,88,31132
0.536,0.157358790772,0.170114351792,989,6285,0,6285,989,87,5296,5296,87,31132
0.537,0.156474532971,0.169696775022,980,6263,0,6263,980,86,5283,5283,86,31132
0.538,0.15636014098,0.169150713093,976,6242,0,6242,976,86,5266,5266,86,31132
0.539,0.156109324759,0.168604651163,971,6220,0,6220,971,86,5249,5249,86,31132
0.54,0.155508953057,0.168154953103,964,6199,0,6199,964,86,5235,5235,86,31132
0.541,0.154779233382,0.167865861493,957,6183,0,6183,957,85,5226,5226,85,31132
0.542,0.154931862427,0.167319799563,955,6164,0,6164,955,85,5209,5209,85,31132
0.543,0.154359141184,0.166998586663,949,6148,0,6148,949,85,5199,5199,85,31132
0.544,0.154009126467,0.166741616343,945,6136,0,6136,945,85,5191,5191,85,31132
0.545,0.154197974518,0.166324039573,944,6122,0,6122,944,85,5178,5178,85,31132
0.546,0.153820978563,0.166099190543,940,6111,0,6111,940,85,5171,5171,85,31132
0.547,0.153429602888,0.165713735064,935,6094,0,6094,935,85,5159,5159,85,31132
0.548,0.152796052632,0.165456764744,929,6080,0,6080,929,84,5151,5151,84,31132
0.549,0.152857848789,0.165199794424,928,6071,0,6071,928,84,5143,5143,84,31132
0.55,0.151990748389,0.164878581524,920,6053,0,6053,920,84,5133,5133,84,31132
0.551,0.151474975141,0.164461004754,914,6034,0,6034,914,83,5120,5120,83,31132
0.552,0.151021764413,0.164139791854,909,6019,0,6019,909,83,5110,5110,83,31132
0.553,0.150208159867,0.163914942824,902,6005,0,6005,902,83,5103,5103,83,31132
0.554,0.148989477201,0.163657972504,892,5987,0,5987,892,83,5095,5095,83,31132
0.555,0.148483324954,0.163208274444,886,5967,0,5967,886,82,5081,5081,82,31132
0.556,0.147948890383,0.162790697674,880,5948,0,5948,880,81,5068,5068,81,31132
0.557,0.147748355541,0.162308878325,876,5929,0,5929,876,81,5053,5053,81,31132
0.558,0.14718321773,0.161923422845,870,5911,0,5911,870,80,5041,5041,80,31132
0.559,0.14584040747,0.161602209945,859,5890,0,5890,859,78,5031,5031,78,31132
0.56,0.145216207014,0.161280997045,853,5874,0,5874,853,77,5021,5021,77,31132
0.561,0.145051194539,0.160927662855,850,5860,0,5860,850,77,5010,5010,77,31132
0.562,0.144664842681,0.160670692535,846,5848,0,5848,846,77,5002,5002,77,31132
0.563,0.144253859348,0.160253115765,841,5830,0,5830,841,77,4989,4989,77,31132
0.564,0.143520110003,0.160060388025,835,5818,0,5818,835,76,4983,4983,76,31132
0.565,0.143619769244,0.159739175125,834,5807,0,5807,834,76,4973,4973,76,31132
0.566,0.143448990161,0.159385840935,831,5793,0,5793,831,76,4962,4962,76,31132
0.567,0.143030093393,0.159160991905,827,5782,0,5782,827,76,4955,4955,76,31132
0.568,0.142708513959,0.158807657716,823,5767,0,5767,823,76,4944,4944,76,31132
0.569,0.142186685208,0.158518566106,818,5753,0,5753,818,76,4935,4935,76,31132
0.57,0.141612959415,0.158293717076,813,5741,0,5741,813,76,4928,4928,76,31132
0.571,0.140786026201,0.158004625466,806,5725,0,5725,806,76,4919,4919,76,31132
0.572,0.140003504468,0.157651291276,799,5707,0,5707,799,75,4908,4908,75,31132
0.573,0.139922752809,0.157362199666,797,5696,0,5696,797,75,4899,4899,75,31132
0.574,0.139338494018,0.157137350636,792,5684,0,5684,792,74,4892,4892,74,31132
0.575,0.139001587582,0.156784016446,788,5669,0,5669,788,74,4881,4881,74,31132
0.576,0.138613861386,0.156494924836,784,5656,0,5656,784,73,4872,4872,73,31132
0.577,0.137765957447,0.156205833226,777,5640,0,5640,777,73,4863,4863,73,31132
0.578,0.137728807535,0.155852499036,775,5627,0,5627,775,73,4852,4852,73,31132
0.579,0.137586882909,0.155434922266,772,5611,0,5611,772,73,4839,4839,73,31132
0.58,0.137475450812,0.155177951947,770,5601,0,5601,770,73,4831,4831,73,31132
0.581,0.137184761223,0.154953102917,767,5591,0,5591,767,72,4824,4824,72,31132
0.582,0.136575735822,0.154535526147,761,5572,0,5572,761,72,4811,4811,72,31132
0.583,0.136715236553,0.154150070667,760,5559,0,5559,760,72,4799,4799,72,31132
0.584,0.136519386835,0.153796736477,757,5545,0,5545,757,72,4788,4788,72,31132
0.585,0.135853835022,0.153443402287,751,5528,0,5528,751,71,4777,4777,71,31132
0.586,0.135580931666,0.153186431967,748,5517,0,5517,748,71,4769,4769,71,31132
0.587,0.134845735027,0.153122189387,743,5510,0,5510,743,71,4767,4767,71,31132
0.588,0.134195193008,0.152736733907,737,5492,0,5492,737,69,4755,4755,69,31132
0.589,0.133868320263,0.152544006167,734,5483,0,5483,734,69,4749,4749,69,31132
0.59,0.13378477306,0.152030065527,731,5464,0,5464,731,69,4733,4733,69,31132
0.591,0.133247800587,0.151901580367,727,5456,0,5456,727,68,4729,4729,68,31132
0.592,0.133406835722,0.151484003598,726,5442,0,5442,726,68,4716,4716,68,31132
0.593,0.133075648813,0.151291275858,723,5433,0,5433,723,68,4710,4710,68,31132
0.594,0.132792327554,0.151034305538,720,5422,0,5422,720,68,4702,4702,68,31132
0.595,0.132532347505,0.150745213928,717,5410,0,5410,717,68,4693,4693,68,31132
0.596,0.132407407407,0.150488243608,715,5400,0,5400,715,68,4685,4685,68,31132
0.597,0.132254464286,0.149845817808,711,5376,0,5376,711,67,4665,4665,67,31132
0.598,0.132054386292,0.149685211358,709,5369,0,5369,709,66,4660,4660,66,31132
0.599,0.131726457399,0.149267634588,705,5352,0,5352,705,66,4647,4647,66,31132
0.6,0.131248829807,0.149042785558,701,5341,0,5341,701,66,4640,4640,66,31132
0.601,0.130900883957,0.148432481048,696,5317,0,5317,696,65,4621,4621,65,31132
0.602,0.130147336607,0.147918540409,689,5294,0,5294,689,65,4605,4605,65,31132
0.603,0.129759424133,0.147565206219,685,5279,0,5279,685,65,4594,4594,65,31132
0.604,0.129393881816,0.147179750739,681,5263,0,5263,681,65,4582,4582,65,31132
0.605,0.129192073171,0.146794295259,678,5248,0,5248,678,65,4570,4570,65,31132
0.606,0.128582346198,0.146505203649,673,5234,0,5234,673,65,4561,4561,65,31132
0.607,0.12780656304,0.145991263009,666,5211,0,5211,666,65,4545,4545,65,31132
0.608,0.127598152425,0.145605807529,663,5196,0,5196,663,64,4533,4533,64,31132
0.609,0.127486961561,0.145091866889,660,5177,0,5177,660,64,4517,4517,64,31132
0.61,0.126962589649,0.144674290119,655,5159,0,5159,655,64,4504,4504,64,31132
0.611,0.12703962704,0.14435307722,654,5148,0,5148,654,64,4494,4494,64,31132
0.612,0.125804564073,0.14396762174,645,5127,0,5127,645,64,4482,4482,64,31132
0.613,0.125342734038,0.1434536811,640,5106,0,5106,640,63,4466,4466,63,31132
0.614,0.125098193244,0.14310034691,637,5092,0,5092,637,62,4455,4455,62,31132
0.615,0.124802839117,0.14258640627,633,5072,0,5072,633,62,4439,4439,62,31132
0.616,0.124037132135,0.14245792111,628,5063,0,5063,628,62,4435,4435,62,31132
0.617,0.123911322249,0.1421688295,626,5052,0,5052,626,62,4426,4426,62,31132
0.618,0.123733862959,0.14171913144,623,5035,0,5035,623,62,4412,4412,62,31132
0.619,0.123731848021,0.14149428241,622,5027,0,5027,622,62,4405,4405,62,31132
0.62,0.122978638451,0.14110882693,616,5009,0,5009,616,61,4393,4393,61,31132
0.621,0.122624524905,0.140883977901,613,4999,0,4999,613,61,4386,4386,61,31132
0.622,0.122817579771,0.140402158551,612,4983,0,4983,612,61,4371,4371,61,31132
0.623,0.122658610272,0.139920339201,609,4965,0,4965,609,61,4356,4356,61,31132
0.624,0.122700626642,0.139406398561,607,4947,0,4947,607,61,4340,4340,61,31132
0.625,0.122060016221,0.139085185661,602,4932,0,4932,602,60,4330,4330,60,31132
0.626,0.122000813339,0.138699730181,600,4918,0,4918,600,60,4318,4318,60,31132
0.627,0.121483897269,0.138442759861,596,4906,0,4906,596,60,4310,4310,60,31132
0.628,0.120622568093,0.137928819221,589,4883,0,4883,589,58,4294,4294,58,31132
0.629,0.120533880903,0.137575485031,587,4870,0,4870,587,58,4283,4283,58,31132
0.63,0.120362737016,0.137093665682,584,4852,0,4852,584,58,4268,4268,58,31132
0.631,0.11960338773,0.136900937942,579,4841,0,4841,579,58,4262,4262,58,31132
0.632,0.118805722579,0.136515482462,573,4823,0,4823,573,58,4250,4250,58,31132
0.633,0.118344425957,0.136162148272,569,4808,0,4808,569,58,4239,4239,58,31132
0.634,0.118442964197,0.136033663112,569,4804,0,4804,569,58,4235,4235,58,31132
0.635,0.118371607516,0.135648207632,567,4790,0,4790,567,58,4223,4223,58,31132
0.636,0.11743772242,0.135423358602,561,4777,0,4777,561,58,4216,4216,58,31132
0.637,0.117300819844,0.134877296672,558,4757,0,4757,558,58,4199,4199,58,31132
0.638,0.117436221801,0.134459719902,557,4743,0,4743,557,58,4186,4186,58,31132
0.639,0.117212249208,0.134266992162,555,4735,0,4735,555,58,4180,4180,58,31132
0.64,0.116737288136,0.133913657973,551,4720,0,4720,551,58,4169,4169,58,31132
0.641,0.116397621071,0.133624566363,548,4708,0,4708,548,58,4160,4160,58,31132
0.642,0.115982123856,0.133431838623,545,4699,0,4699,545,57,4154,4154,57,31132
0.643,0.115811965812,0.132917897983,542,4680,0,4680,542,56,4138,4138,56,31132
0.644,0.115285530271,0.132371836053,537,4658,0,4658,537,56,4121,4121,56,31132
0.645,0.114630467572,0.131986380573,532,4641,0,4641,532,55,4109,4109,55,31132
0.646,0.114470842333,0.131697288963,530,4630,0,4630,530,54,4100,4100,54,31132
0.647,0.114551754006,0.131343954773,529,4618,0,4618,529,54,4089,4089,54,31132
0.648,0.112924281984,0.130958499293,519,4596,0,4596,519,53,4077,4077,53,31132
0.649,0.112783595113,0.130637286393,517,4584,0,4584,517,53,4067,4067,53,31132
0.65,0.111744084137,0.130219709624,510,4564,0,4564,510,53,4054,4054,53,31132
0.651,0.110989010989,0.129930618014,505,4550,0,4550,505,53,4045,4045,53,31132
0.652,0.11013215859,0.129770011564,500,4540,0,4540,500,53,4040,4040,53,31132
0.653,0.109785730064,0.129448798664,497,4527,0,4527,497,53,4030,4030,53,31132
0.654,0.109561752988,0.129223949634,495,4518,0,4518,495,53,4023,4023,53,31132
0.655,0.108743897026,0.128999100604,490,4506,0,4506,490,53,4016,4016,53,31132
0.656,0.10816826174,0.128710008994,486,4493,0,4493,486,53,4007,4007,53,31132
0.657,0.107637338097,0.128356674804,482,4478,0,4478,482,53,3996,3996,53,31132
0.658,0.107278835386,0.128035461904,479,4465,0,4465,479,53,3986,3986,53,31132
0.659,0.107150863035,0.127939098034,478,4461,0,4461,478,53,3983,3983,53,31132
0.66,0.106660666067,0.127521521264,474,4444,0,4444,474,53,3970,3970,53,31132
0.661,0.106176735798,0.127360914814,471,4436,0,4436,471,51,3965,3965,51,31132
0.662,0.105892978099,0.127200308364,469,4429,0,4429,469,51,3960,3960,51,31132
0.663,0.10520361991,0.127039701914,465,4420,0,4420,465,51,3955,3955,51,31132
0.664,0.104630049932,0.126718489015,461,4406,0,4406,461,51,3945,3945,51,31132
0.665,0.102937827374,0.126525761275,452,4391,0,4391,452,50,3939,3939,50,31132
0.666,0.102259758046,0.126333033535,448,4381,0,4381,448,48,3933,3933,48,31132
0.667,0.101625085832,0.126076063215,444,4369,0,4369,444,47,3925,3925,47,31132
0.668,0.10052788616,0.125883335475,438,4357,0,4357,438,44,3919,3919,44,31132
0.669,0.0998160073597,0.125722729025,434,4348,0,4348,434,44,3914,3914,44,31132
0.67,0.0995162404976,0.125562122575,432,4341,0,4341,432,44,3909,3909,44,31132
0.671,0.0990990990991,0.125273030965,429,4329,0,4329,429,44,3900,3900,44,31132
0.672,0.0991199629458,0.124951818065,428,4318,0,4318,428,44,3890,3890,44,31132
0.673,0.0983492211114,0.124566362585,423,4301,0,4301,423,43,3878,3878,43,31132
0.674,0.0983682983683,0.124245149685,422,4290,0,4290,422,43,3868,3868,43,31132
0.675,0.0978922716628,0.123731209045,418,4270,0,4270,418,42,3852,3852,42,31132
0.676,0.0980300187617,0.123538481305,418,4264,0,4264,418,42,3846,3846,42,31132
0.677,0.0980253878702,0.123249389695,417,4254,0,4254,417,42,3837,3837,42,31132
0.678,0.098186955498,0.123024540666,417,4247,0,4247,417,42,3830,3830,42,31132
0.679,0.097854279651,0.122896055506,415,4241,0,4241,415,42,3826,3826,42,31132
0.68,0.097849208225,0.122606963896,414,4231,0,4231,414,42,3817,3817,42,31132
0.681,0.0976303317536,0.122317872286,412,4220,0,4220,412,41,3808,3808,41,31132
0.682,0.0978157644824,0.122060901966,412,4212,0,4212,412,41,3800,3800,41,31132
0.683,0.0975725844836,0.121803931646,410,4202,0,4202,410,41,3792,3792,41,31132
0.684,0.0972354623451,0.121675446486,408,4196,0,4196,408,40,3788,3788,40,31132
0.685,0.0974910394265,0.121322112296,408,4185,0,4185,408,40,3777,3777,40,31132
0.686,0.0971756821446,0.121161505846,406,4178,0,4178,406,40,3772,3772,40,31132
0.687,0.0971223021583,0.120936656816,405,4170,0,4170,405,40,3765,3765,40,31132
0.688,0.0967587034814,0.120840292946,403,4165,0,4165,403,40,3762,3762,40,31132
0.689,0.0969215969216,0.120615443916,403,4158,0,4158,403,40,3755,3755,40,31132
0.69,0.0958474167069,0.120294231016,397,4142,0,4142,397,40,3745,3745,40,31132
0.691,0.0955722235664,0.120069381986,395,4133,0,4133,395,40,3738,3738,40,31132
0.692,0.0955614843561,0.119780290376,394,4123,0,4123,394,40,3729,3729,40,31132
0.693,0.0952149623512,0.119651805216,392,4117,0,4117,392,40,3725,3725,40,31132
0.694,0.0949829517779,0.119362713607,390,4106,0,4106,390,39,3716,3716,39,31132
0.695,0.0949475225775,0.119105743287,389,4097,0,4097,389,39,3708,3708,39,31132
0.696,0.0949351602643,0.118816651677,388,4087,0,4087,388,39,3699,3699,39,31132
0.697,0.094700686948,0.118527560067,386,4076,0,4076,386,39,3690,3690,39,31132
0.698,0.0944649446494,0.118238468457,384,4065,0,4065,384,39,3681,3681,39,31132
0.699,0.0946045824095,0.118045740717,384,4059,0,4059,384,39,3675,3675,39,31132
0.7,0.0942744323791,0.117885134267,382,4052,0,4052,382,39,3670,3670,39,31132
0.701,0.0940826937361,0.117531800077,380,4039,0,4039,380,39,3659,3659,39,31132
0.702,0.0931274900398,0.116985738147,374,4016,0,4016,374,38,3642,3642,38,31132
0.703,0.0932966483242,0.116439676217,373,3998,0,3998,373,38,3625,3625,38,31132
0.704,0.0928481806775,0.116118463317,370,3985,0,3985,370,38,3615,3615,38,31132
0.705,0.0920787083754,0.115604522678,365,3964,0,3964,365,38,3599,3599,38,31132
0.706,0.0911392405063,0.115315431068,360,3950,0,3950,360,38,3590,3590,38,31132
0.707,0.0893357088318,0.114929975588,351,3929,0,3929,351,38,3578,3578,38,31132
0.708,0.0874904067536,0.114576641398,342,3909,0,3909,342,38,3567,3567,38,31132
0.709,0.0871017471737,0.114126943338,339,3892,0,3892,339,38,3553,3553,38,31132
0.71,0.0864293085655,0.113741487858,335,3876,0,3876,335,38,3541,3541,38,31132
0.711,0.0859658208182,0.113388153668,332,3862,0,3862,332,38,3530,3530,38,31132
0.712,0.0854545454545,0.113099062058,329,3850,0,3850,329,38,3521,3521,38,31132
0.713,0.085095275385,0.112585121418,326,3831,0,3831,326,38,3505,3505,38,31132
0.714,0.0848389630793,0.112263908519,324,3819,0,3819,324,38,3495,3495,38,31132
0.715,0.0848214285714,0.111942695619,323,3808,0,3808,323,38,3485,3485,38,31132
0.716,0.083838650145,0.111621482719,318,3793,0,3793,318,37,3475,3475,37,31132
0.717,0.0831347630394,0.111236027239,314,3777,0,3777,314,36,3463,3463,36,31132
0.718,0.0817358892439,0.110786329179,307,3756,0,3756,307,34,3449,3449,34,31132
0.719,0.0812834224599,0.110368752409,304,3740,0,3740,304,34,3436,3436,34,31132
0.72,0.079688757714,0.110176024669,297,3727,0,3727,297,34,3430,3430,34,31132
0.721,0.0796341135324,0.109886933059,296,3717,0,3717,296,34,3421,3421,34,31132
0.722,0.079373650108,0.109533598869,294,3704,0,3704,294,33,3410,3410,33,31132
0.723,0.0792963464141,0.109276628549,293,3695,0,3695,293,33,3402,3402,33,31132
0.724,0.0784686396959,0.109019658229,289,3683,0,3683,289,33,3394,3394,33,31132
0.725,0.0781164942842,0.1087948092,287,3674,0,3674,287,33,3387,3387,33,31132
0.726,0.0777626193724,0.10856996017,285,3665,0,3665,285,33,3380,3380,33,31132
0.727,0.077576754386,0.10808814082,283,3648,0,3648,283,33,3365,3365,33,31132
0.728,0.0766904892798,0.10789541308,279,3638,0,3638,279,33,3359,3359,33,31132
0.729,0.0766262403528,0.10760632147,278,3628,0,3628,278,32,3350,3350,32,31132
0.73,0.0757324488668,0.10741359373,274,3618,0,3618,274,32,3344,3344,32,31132
0.731,0.075429839157,0.10709238083,272,3606,0,3606,272,32,3334,3334,32,31132
0.732,0.0749094959621,0.10670692535,269,3591,0,3591,269,32,3322,3322,32,31132
0.733,0.0742601898381,0.10651419761,266,3582,0,3582,266,32,3316,3316,32,31132
0.734,0.0739702998039,0.10616086342,264,3569,0,3569,264,31,3305,3305,31,31132
0.735,0.0738556585229,0.10593601439,263,3561,0,3561,263,31,3298,3298,31,31132
0.736,0.0736990154712,0.10577540794,262,3555,0,3555,262,31,3293,3293,31,31132
0.737,0.0726399095534,0.10538995246,257,3538,0,3538,257,30,3281,3281,30,31132
0.738,0.0721385969895,0.104940254401,254,3521,0,3521,254,30,3267,3267,30,31132
0.739,0.0716119828816,0.104522677631,251,3505,0,3505,251,30,3254,3254,30,31132
0.74,0.0717154331612,0.103944494411,250,3486,0,3486,250,30,3236,3236,30,31132
0.741,0.0713874496258,0.103623281511,248,3474,0,3474,248,30,3226,3226,30,31132
0.742,0.0710571923744,0.103302068611,246,3462,0,3462,246,30,3216,3216,30,31132
0.743,0.0710556844548,0.102884491841,245,3448,0,3448,245,30,3203,3203,30,31132
0.744,0.0706600756034,0.102659642811,243,3439,0,3439,243,30,3196,3196,30,31132
0.745,0.0699912510936,0.102434793781,240,3429,0,3429,240,30,3189,3189,30,31132
0.746,0.0699853587116,0.102017217011,239,3415,0,3415,239,30,3176,3176,30,31132
0.747,0.0696649029982,0.101663882822,237,3402,0,3402,237,30,3165,3165,30,31132
0.748,0.0691489361702,0.101182063472,234,3384,0,3384,234,30,3150,3150,30,31132
0.749,0.069159988127,0.100732365412,233,3369,0,3369,233,30,3136,3136,30,31132
0.75,0.06861575179,0.100282667352,230,3352,0,3352,230,30,3122,3122,30,31132
0.751,0.0682634730539,0.099961454452,228,3340,0,3340,228,30,3112,3112,30,31132
0.752,0.0674495633845,0.0994796351021,224,3321,0,3321,224,30,3097,3097,30,31132
0.753,0.0667270531401,0.0992869073622,221,3312,0,3312,221,29,3091,3091,29,31132
0.754,0.066100667071,0.0989335731723,218,3298,0,3298,218,29,3080,3080,29,31132
0.755,0.0657734470158,0.0985481176924,216,3284,0,3284,216,29,3068,3068,29,31132
0.756,0.0655687709668,0.0984196325324,215,3279,0,3279,215,29,3064,3064,29,31132
0.757,0.0654434250765,0.0981626622125,214,3270,0,3270,214,29,3056,3056,29,31132
0.758,0.064970885688,0.0980020557626,212,3263,0,3263,212,28,3051,3051,28,31132
0.759,0.0652107043986,0.0976166002827,212,3251,0,3251,212,28,3039,3039,28,31132
0.76,0.0647948164147,0.0973596299627,210,3241,0,3241,210,28,3031,3031,28,31132
0.761,0.0643564356436,0.0971347809328,208,3232,0,3232,208,26,3024,3024,26,31132
0.762,0.0646364201367,0.0966850828729,208,3218,0,3218,208,26,3010,3010,26,31132
0.763,0.0647571606476,0.096492355133,208,3212,0,3212,208,26,3004,3004,26,31132
0.764,0.0639625585023,0.096363869973,205,3205,0,3205,205,26,3000,3000,26,31132
0.765,0.0641426783479,0.0960747783631,205,3196,0,3196,205,26,2991,2991,26,31132
0.766,0.0643036386449,0.0958178080432,205,3188,0,3188,205,26,2983,2983,26,31132
0.767,0.0644248900063,0.0956250803032,205,3182,0,3182,205,26,2977,2977,26,31132
0.768,0.0643533123028,0.0952717461133,204,3170,0,3170,204,26,2966,2966,26,31132
0.769,0.0638836179633,0.0950790183734,202,3162,0,3162,202,26,2960,2960,26,31132
0.77,0.0633914421553,0.0949184119234,200,3155,0,3155,200,26,2955,2955,26,31132
0.771,0.0629370629371,0.0946935628935,198,3146,0,3146,198,26,2948,2948,26,31132
0.772,0.0622208040842,0.0944044712836,195,3134,0,3134,195,26,2939,2939,26,31132
0.773,0.0617797695262,0.0941475009636,193,3124,0,3124,193,25,2931,2931,25,31132
0.774,0.0617164898746,0.0937620454837,192,3111,0,3111,192,25,2919,2919,25,31132
0.775,0.0615335051546,0.0935693177438,191,3104,0,3104,191,25,2913,2913,25,31132
0.776,0.0607824118978,0.0933123474239,188,3093,0,3093,188,25,2905,2905,25,31132
0.777,0.0602917341977,0.0931196196839,186,3085,0,3085,186,25,2899,2899,25,31132
0.778,0.0601039636127,0.092926891944,185,3078,0,3078,185,25,2893,2893,25,31132
0.779,0.0599934789697,0.0926056790441,184,3067,0,3067,184,25,2883,2883,25,31132
0.78,0.0598626104024,0.0923165874342,183,3057,0,3057,183,25,2874,2874,25,31132
0.781,0.0596721311475,0.0921238596942,182,3050,0,3050,182,25,2868,2868,25,31132
0.782,0.0592495062541,0.0918026467943,180,3038,0,3038,180,25,2858,2858,25,31132
0.783,0.0594255529878,0.0915135551844,180,3029,0,3029,180,25,2849,2849,25,31132
0.784,0.0591931216931,0.0913850700244,179,3024,0,3024,179,25,2845,2845,25,31132
0.785,0.0593698175788,0.0910959784145,179,3015,0,3015,179,25,2836,2836,25,31132
0.786,0.0582168995343,0.0909353719645,175,3006,0,3006,175,25,2831,2831,25,31132
0.787,0.0582750582751,0.0908390080946,175,3003,0,3003,175,25,2828,2828,25,31132
0.788,0.0585088599131,0.0904535526147,175,2991,0,2991,175,25,2816,2816,25,31132
0.789,0.058665772712,0.0901965822947,175,2983,0,2983,175,25,2808,2808,25,31132
0.79,0.0584677419355,0.0900038545548,174,2976,0,2976,174,25,2802,2802,25,31132
0.791,0.0582491582492,0.0898432481048,173,2970,0,2970,173,25,2797,2797,25,31132
0.792,0.0574907000338,0.0895220352049,170,2957,0,2957,170,24,2787,2787,24,31132
0.793,0.0572493224932,0.089393550045,169,2952,0,2952,169,24,2783,2783,24,31132
0.794,0.0567448182127,0.089168701015,167,2943,0,2943,167,23,2776,2776,23,31132
0.795,0.0569188820723,0.0888796094051,167,2934,0,2934,167,23,2767,2767,23,31132
0.796,0.0570550051247,0.0886547603752,167,2927,0,2927,167,23,2760,2760,23,31132
0.797,0.0561643835616,0.0885262752152,164,2920,0,2920,164,23,2756,2756,23,31132
0.798,0.0560137457045,0.0882371836053,163,2910,0,2910,163,22,2747,2747,22,31132
0.799,0.0557851239669,0.0880765771553,162,2904,0,2904,162,21,2742,2742,21,31132
0.8,0.0558620689655,0.0879480919954,162,2900,0,2900,162,21,2738,2738,21,31132
0.801,0.0561719833564,0.0874341513555,162,2884,0,2884,162,21,2722,2722,21,31132
0.802,0.0557103064067,0.0871129384556,160,2872,0,2872,160,21,2712,2712,21,31132
0.803,0.055049088359,0.0865668765258,157,2852,0,2852,157,20,2695,2695,20,31132
0.804,0.0547703180212,0.0859244507259,155,2830,0,2830,155,20,2675,2675,20,31132
0.805,0.0544096728307,0.0854105100861,153,2812,0,2812,153,20,2659,2659,20,31132
0.806,0.0536672629696,0.0849608120262,150,2795,0,2795,150,20,2645,2645,20,31132
0.807,0.053732419762,0.0842862649364,149,2773,0,2773,149,20,2624,2624,20,31132
0.808,0.0519244734931,0.0838686881665,143,2754,0,2754,143,20,2611,2611,20,31132
0.809,0.0515916575192,0.0832583836567,141,2733,0,2733,141,19,2592,2592,19,31132
0.81,0.0518573004781,0.0828086855968,141,2719,0,2719,141,19,2578,2578,19,31132
0.811,0.0514814814815,0.082262623667,139,2700,0,2700,139,19,2561,2561,19,31132
0.812,0.0502980625931,0.0818771681871,135,2684,0,2684,135,19,2549,2549,19,31132
0.813,0.049887471868,0.0813632275472,133,2666,0,2666,133,19,2533,2533,19,31132
0.814,0.0498113207547,0.0808814081974,132,2650,0,2650,132,19,2518,2518,19,31132
0.815,0.0492984452029,0.0805280740075,130,2637,0,2637,130,19,2507,2507,19,31132
0.816,0.0491615853659,0.0801426185276,129,2624,0,2624,129,19,2495,2495,19,31132
0.817,0.0486590038314,0.0797571630477,127,2610,0,2610,127,18,2483,2483,18,31132
0.818,0.0481324605314,0.0794038288578,125,2597,0,2597,125,17,2472,2472,17,31132
0.819,0.0484683986041,0.0788256456379,125,2579,0,2579,125,17,2454,2454,17,31132
0.82,0.0480844409695,0.0782153411281,123,2558,0,2558,123,16,2435,2435,16,31132
0.821,0.0480125934671,0.0777014004882,122,2541,0,2541,122,16,2419,2419,16,31132
0.822,0.0467326732673,0.0773159450084,118,2525,0,2525,118,16,2407,2407,16,31132
0.823,0.0457984866587,0.0769626108185,115,2511,0,2511,115,16,2396,2396,16,31132
0.824,0.0456730769231,0.0765129127586,114,2496,0,2496,114,16,2382,2382,16,31132
0.825,0.0459492140266,0.0760310934087,114,2481,0,2481,114,16,2367,2367,16,31132
0.826,0.0450669914738,0.0755492740588,111,2463,0,2463,111,16,2352,2352,16,31132
0.827,0.044953003678,0.075067454709,110,2447,0,2447,110,16,2337,2337,16,31132
0.828,0.0441237113402,0.0744571501992,107,2425,0,2425,107,16,2318,2318,16,31132
0.829,0.0435684647303,0.0740395734293,105,2410,0,2410,105,16,2305,2305,16,31132
0.83,0.0434419381788,0.0735577540794,104,2394,0,2394,104,16,2290,2290,16,31132
0.831,0.0425980598903,0.0729153282796,101,2371,0,2371,101,15,2270,2270,15,31132
0.832,0.0424448217317,0.0724656302197,100,2356,0,2356,100,15,2256,2256,15,31132
0.833,0.0426257459506,0.0721444173198,100,2346,0,2346,100,15,2246,2246,15,31132
0.834,0.0420240137221,0.0717589618399,98,2332,0,2332,98,15,2234,2234,15,31132
0.835,0.0419006479482,0.0712450212001,97,2315,0,2315,97,15,2218,2218,15,31132
0.836,0.0417391304348,0.0707953231402,96,2300,0,2300,96,15,2204,2204,15,31132
0.837,0.0411919368975,0.0702813825003,94,2282,0,2282,94,15,2188,2188,15,31132
0.838,0.0398759415153,0.0696068354105,90,2257,0,2257,90,15,2167,2167,15,31132
0.839,0.0400890868597,0.0692213799306,90,2245,0,2245,90,15,2155,2155,15,31132
0.84,0.0399640772339,0.0686753180008,89,2227,0,2227,89,15,2138,2138,15,31132
0.841,0.0393309222423,0.0682577412309,87,2212,0,2212,87,15,2125,2125,15,31132
0.842,0.0386539336062,0.067904407041,85,2199,0,2199,85,15,2114,2114,15,31132
0.843,0.0384791571232,0.0674225876911,84,2183,0,2183,84,15,2099,2099,15,31132
0.844,0.0381960423378,0.0671334960812,83,2173,0,2173,83,15,2090,2090,15,31132
0.845,0.0379981464319,0.0666837980213,82,2158,0,2158,82,15,2076,2076,15,31132
0.846,0.0373831775701,0.0661698573815,80,2140,0,2140,80,13,2060,2060,13,31132
0.847,0.0372290292177,0.0656237954516,79,2122,0,2122,79,12,2043,2043,12,31132
0.848,0.0364756039792,0.0653347038417,77,2111,0,2111,77,12,2034,2034,12,31132
0.849,0.0357142857143,0.0650456122318,75,2100,0,2100,75,11,2025,2025,11,31132
0.85,0.0350456072972,0.0645637928819,73,2083,0,2083,73,11,2010,2010,11,31132
0.851,0.0343659244918,0.0640819735321,71,2066,0,2066,71,10,1995,1995,10,31132
0.852,0.0341130604288,0.0636643967622,70,2052,0,2052,70,10,1982,1982,10,31132
0.853,0.0329400196657,0.0631825774123,67,2034,0,2034,67,10,1967,1967,10,31132
0.854,0.0321304992585,0.0628934858024,65,2023,0,2023,65,10,1958,1958,10,31132
0.855,0.0313121272366,0.0626043941925,63,2012,0,2012,63,10,1949,1949,10,31132
0.856,0.0315473209815,0.0621225748426,63,1997,0,1997,63,10,1934,1934,10,31132
0.857,0.0302724520686,0.0617371193627,60,1982,0,1982,60,10,1922,1922,10,31132
0.858,0.0294865277072,0.0613195425928,58,1967,0,1967,58,10,1909,1909,10,31132
0.859,0.0297741273101,0.060709238083,58,1948,0,1948,58,10,1890,1890,10,31132
0.86,0.0289705121573,0.0602916613131,56,1933,0,1933,56,10,1877,1877,10,31132
0.861,0.0287356321839,0.0597134780933,55,1914,0,1914,55,9,1859,1859,9,31132
0.862,0.0280126849894,0.0590710522935,53,1892,0,1892,53,9,1839,1839,9,31132
0.863,0.0260777009047,0.0587819606835,49,1879,0,1879,49,9,1830,1830,9,31132
0.864,0.0251875669882,0.0584286264936,47,1866,0,1866,47,9,1819,1819,9,31132
0.865,0.0248514316586,0.0579789284338,46,1851,0,1851,46,9,1805,1805,9,31132
0.866,0.0245231607629,0.0574971090839,45,1835,0,1835,45,9,1790,1790,9,31132
0.867,0.0246575342466,0.057175896184,45,1825,0,1825,45,9,1780,1780,9,31132
0.868,0.0248481501933,0.0567261981241,45,1811,0,1811,45,9,1766,1766,9,31132
0.869,0.025041736227,0.0562765000642,45,1797,0,1797,45,9,1752,1752,9,31132
0.87,0.0236353404615,0.0557304381344,42,1777,0,1777,42,6,1735,1735,6,31132
0.871,0.023823028928,0.0552807400745,42,1763,0,1763,42,6,1721,1721,6,31132
0.872,0.0240274599542,0.0547989207247,42,1748,0,1748,42,6,1706,1706,6,31132
0.873,0.0225303292894,0.0543492226648,39,1731,0,1731,39,6,1692,1692,6,31132
0.874,0.022700814901,0.0539316458949,39,1718,0,1718,39,6,1679,1679,6,31132
0.875,0.0222352252779,0.053674675575,38,1709,0,1709,38,6,1671,1671,6,31132
0.876,0.0225118483412,0.0530001284852,38,1688,0,1688,38,6,1650,1650,6,31132
0.877,0.0216086434574,0.0523577026853,36,1666,0,1666,36,6,1630,1630,6,31132
0.878,0.0217917675545,0.0519080046255,36,1652,0,1652,36,6,1616,1616,6,31132
0.879,0.0207951070336,0.0514261852756,34,1635,0,1635,34,6,1601,1601,6,31132
0.88,0.0203452527744,0.0510407297957,33,1622,0,1622,33,6,1589,1589,6,31132
0.881,0.0204587724737,0.0507516381858,33,1613,0,1613,33,6,1580,1580,6,31132
0.882,0.0187617260788,0.0503983039959,30,1599,0,1599,30,5,1569,1569,5,31132
0.883,0.0183893468611,0.0497237569061,29,1577,0,1577,29,5,1548,1548,5,31132
0.884,0.0185185185185,0.0493704227162,29,1566,0,1566,29,5,1537,1537,5,31132
0.885,0.0179948586118,0.0490813311063,28,1556,0,1556,28,5,1528,1528,5,31132
0.886,0.0181229773463,0.0487279969164,28,1545,0,1545,28,5,1517,1517,5,31132
0.887,0.0183246073298,0.0481819349865,28,1528,0,1528,28,5,1500,1500,5,31132
0.888,0.0178335535007,0.0477643582166,27,1514,0,1514,27,5,1487,1487,5,31132
0.889,0.0173796791444,0.0472182962868,26,1496,0,1496,26,5,1470,1470,5,31132
0.89,0.0168918918919,0.0467364769369,25,1480,0,1480,25,5,1455,1455,5,31132
0.891,0.015742642026,0.0461904150071,23,1461,0,1461,23,5,1438,1438,5,31132
0.892,0.0159611380985,0.0455479892072,23,1441,0,1441,23,5,1418,1418,5,31132
0.893,0.0161744022504,0.0449376846974,23,1422,0,1422,23,5,1399,1399,5,31132
0.894,0.0156361051883,0.0444879866375,22,1407,0,1407,22,5,1385,1385,5,31132
0.895,0.0157819225251,0.0440704098677,22,1394,0,1394,22,5,1372,1372,5,31132
0.896,0.0159535895577,0.0435885905178,22,1379,0,1379,22,5,1357,1357,5,31132
0.897,0.0161290322581,0.0431067711679,22,1364,0,1364,22,5,1342,1342,5,31132
0.898,0.0147710487445,0.042849800848,20,1354,0,1354,20,4,1334,1334,4,31132
0.899,0.0149588631264,0.0423037389182,20,1337,0,1337,20,4,1317,1317,4,31132
0.9,0.0144267274108,0.0416934344083,19,1317,0,1317,19,3,1298,1298,3,31132
0.901,0.0123743232792,0.0410188873185,16,1293,0,1293,16,3,1277,1277,3,31132
0.902,0.011673151751,0.0407940382886,15,1285,0,1285,15,3,1270,1270,3,31132
0.903,0.0110149488592,0.0403764615187,14,1271,0,1271,14,3,1257,1257,3,31132
0.904,0.00875796178344,0.0399910060388,11,1256,0,1256,11,3,1245,1245,3,31132
0.905,0.0088638195004,0.0395091866889,11,1241,0,1241,11,3,1230,1230,3,31132
0.906,0.00898692810458,0.0389631247591,11,1224,0,1224,11,3,1213,1213,3,31132
0.907,0.0091059602649,0.0384491841192,11,1208,0,1208,11,3,1197,1197,3,31132
0.908,0.00841042893188,0.0378710008994,10,1189,0,1189,10,3,1179,1179,3,31132
0.909,0.00769888793841,0.0372606963896,9,1169,0,1169,9,2,1160,1160,2,31132
0.91,0.0077519379845,0.0370037260696,9,1161,0,1161,9,2,1152,1152,2,31132
0.911,0.00788091068301,0.0363934215598,9,1142,0,1142,9,2,1133,1133,2,31132
0.912,0.00802139037433,0.03575099576,9,1122,0,1122,9,2,1113,1113,2,31132
0.913,0.00812274368231,0.0353012977001,9,1108,0,1108,9,2,1099,1099,2,31132
0.914,0.00832562442183,0.0344340228704,9,1081,0,1081,9,2,1072,1072,2,31132
0.915,0.00752587017874,0.0338879609405,8,1063,0,1063,8,2,1055,1055,2,31132
0.916,0.00760456273764,0.0335346267506,8,1052,0,1052,8,2,1044,1044,2,31132
0.917,0.00769971126083,0.0331170499807,8,1039,0,1039,8,2,1031,1031,2,31132
0.918,0.0078125,0.0326352306309,8,1024,0,1024,8,2,1016,1016,2,31132
0.919,0.00795228628231,0.032057047411,8,1006,0,1006,8,2,998,998,2,31132
0.92,0.00708502024291,0.0315109854812,7,988,0,988,7,2,981,981,2,31132
0.921,0.00723888314374,0.0308364383914,7,967,0,967,7,2,960,960,2,31132
0.922,0.0073145245559,0.0305152254915,7,957,0,957,7,2,950,950,2,31132
0.923,0.00743889479277,0.0300012848516,7,941,0,941,7,2,934,934,2,31132
0.924,0.00755124056095,0.0295515867917,7,927,0,927,7,2,920,920,2,31132
0.925,0.00777777777778,0.028684311962,7,900,0,900,7,2,893,893,2,31132
0.926,0.008,0.0278812797122,7,875,0,875,7,2,868,868,2,31132
0.927,0.00818713450292,0.0272388539124,7,855,0,855,7,2,848,848,2,31132
0.928,0.00835322195704,0.0266927919825,7,838,0,838,7,2,831,831,2,31132
0.929,0.00847457627119,0.0263073365026,7,826,0,826,7,2,819,819,2,31132
0.93,0.00737100737101,0.0259540023127,6,814,0,814,6,2,808,808,2,31132
0.931,0.00754716981132,0.0253436978029,6,795,0,795,6,2,789,789,2,31132
0.932,0.0077519379845,0.0246691507131,6,774,0,774,6,2,768,768,2,31132
0.933,0.00667556742323,0.0238982397533,5,749,0,749,5,2,744,744,2,31132
0.934,0.0068306010929,0.0233521778235,5,732,0,732,5,2,727,727,2,31132
0.935,0.00696378830084,0.0229024797636,5,718,0,718,5,2,713,713,2,31132
0.936,0.00569800569801,0.0224206604137,4,702,0,702,4,2,698,698,2,31132
0.937,0.00593471810089,0.021521264294,4,674,0,674,4,2,670,670,2,31132
0.938,0.00606980273141,0.0210394449441,4,659,0,659,4,2,655,655,2,31132
0.939,0.00470219435737,0.0203970191443,3,638,0,638,3,2,635,635,2,31132
0.94,0.00486223662885,0.0197224720545,3,617,0,617,3,2,614,614,2,31132
0.941,0.00501672240803,0.0191121675446,3,598,0,598,3,2,595,595,2,31132
0.942,0.00519031141869,0.0184697417448,3,578,0,578,3,2,575,575,2,31132
0.943,0.00537634408602,0.017827315945,3,558,0,558,3,2,555,555,2,31132
0.944,0.00550458715596,0.0174097391751,3,545,0,545,3,2,542,542,2,31132
0.945,0.00570342205323,0.0167994346653,3,526,0,526,3,2,523,523,2,31132
0.946,0.00590551181102,0.0162212514455,3,508,0,508,3,2,505,505,2,31132
0.947,0.00604838709677,0.0158357959656,3,496,0,496,3,2,493,493,2,31132
0.948,0.00625,0.0153218553257,3,480,0,480,3,2,477,477,2,31132
0.949,0.00643776824034,0.0148721572658,3,466,0,466,3,2,463,463,2,31132
0.95,0.00677200902935,0.014133367596,3,443,0,443,3,2,440,440,2,31132
0.951,0.00700934579439,0.0136515482462,3,428,0,428,3,2,425,425,2,31132
0.952,0.00722891566265,0.0132339714763,3,415,0,415,3,2,412,412,2,31132
0.953,0.00755667506297,0.0126557882565,3,397,0,397,3,2,394,394,2,31132
0.954,0.0078125,0.0122382114866,3,384,0,384,3,2,381,381,2,31132
0.955,0.00557103064067,0.0114673005268,2,359,0,359,2,1,357,357,1,31132
0.956,0.00583090379009,0.0109533598869,2,343,0,343,2,1,341,341,1,31132
0.957,0.00621118012422,0.0102788127971,2,322,0,322,2,1,320,320,1,31132
0.958,0.00651465798046,0.00979699344726,2,307,0,307,2,1,305,305,1,31132
0.959,0.00689655172414,0.00925093151741,2,290,0,290,2,1,288,288,1,31132
0.96,0.00719424460432,0.00886547603752,2,278,0,278,2,1,276,276,1,31132
0.961,0.00763358778626,0.00835153539766,2,262,0,262,2,1,260,260,1,31132
0.962,0.0082304526749,0.00774123088783,2,243,0,243,2,1,241,241,1,31132
0.963,0.00873362445415,0.00729153282796,2,229,0,229,2,1,227,227,1,31132
0.964,0.00952380952381,0.00668122831813,2,210,0,210,2,1,208,208,1,31132
0.965,0.0108108108108,0.00587819606835,2,185,0,185,2,1,183,183,1,31132
0.966,0.00609756097561,0.00523577026853,1,164,0,164,1,0,163,163,0,31132
0.967,0.00653594771242,0.00488243607863,1,153,0,153,1,0,152,152,0,31132
0.968,0.00735294117647,0.00433637414879,1,136,0,136,1,0,135,135,0,31132
0.969,0.00847457627119,0.00375819092895,1,118,0,118,1,0,117,117,0,31132
0.97,0.00900900900901,0.00353334189901,1,111,0,111,1,0,110,110,0,31132
0.971,0.00980392156863,0.00324425028909,1,102,0,102,1,0,101,101,0,31132
0.972,0.0112359550562,0.00282667351921,1,89,0,89,1,0,88,88,0,31132
0.973,0.0,0.00253758190929,0,79,0,79,0,0,79,79,0,31132
0.974,0.0,0.0021521264294,0,67,0,67,0,0,67,67,0,31132
0.975,0.0,0.00192727739946,0,60,0,60,0,0,60,60,0,31132
0.976,0.0,0.0017987922395,0,56,0,56,0,0,56,56,0,31132
0.977,0.0,0.00150970062958,0,47,0,47,0,0,47,47,0,31132
0.978,0.0,0.00131697288963,0,41,0,41,0,0,41,41,0,31132
0.979,0.0,0.0010600025697,0,33,0,33,0,0,33,33,0,31132
0.98,0.0,0.000899396119748,0,28,0,28,0,0,28,28,0,31132
0.981,0.0,0.000738789669793,0,23,0,23,0,0,23,23,0,31132
0.982,0.0,0.000546061929847,0,17,0,17,0,0,17,17,0,31132
0.983,0.0,0.000513940639856,0,16,0,16,0,0,16,16,0,31132
0.984,0.0,0.00032121289991,0,10,0,10,0,0,10,10,0,31132
0.985,0.0,0.000224849029937,0,7,0,7,0,0,7,7,0,31132
0.986,0.0,0.000192727739946,0,6,0,6,0,0,6,6,0,31132
0.987,0.0,0.000160606449955,0,5,0,5,0,0,5,5,0,31132
0.988,0.0,9.6363869973e-05,0,3,0,3,0,0,3,3,0,31132
0.989,0.0,9.6363869973e-05,0,3,0,3,0,0,3,3,0,31132
