Confidence,TPR,FPR
0,0.739624823333,0.719361974911
0.001,0.739624823333,0.719361974911
0.002,0.736123602724,0.664502393284
0.003,0.733361171785,0.631880924663
0.004,0.731241166645,0.608976062652
0.005,0.729506616986,0.591740992787
0.006,0.727900552486,0.575595433561
0.007,0.726133881537,0.562346504802
0.008,0.724688423487,0.550457207439
0.009,0.723532057047,0.539209687968
0.01,0.722375690608,0.530003879812
0.011,0.721219324168,0.521800250401
0.012,0.720255685468,0.514112677945
0.013,0.719259925479,0.506859582974
0.014,0.718135680329,0.500691053165
0.015,0.717107799049,0.495290277454
0.016,0.71604779648,0.490247871512
0.017,0.71530900681,0.485171410862
0.018,0.71418476166,0.480209237296
0.019,0.71318900167,0.475892618103
0.02,0.712032635231,0.472248815573
0.021,0.711036875241,0.467554365345
0.022,0.710201721701,0.463036675429
0.023,0.709398689451,0.459224109644
0.024,0.708402929462,0.455251432209
0.025,0.707375048182,0.451797490442
0.026,0.706700501092,0.448033308335
0.027,0.705865347552,0.44436915218
0.028,0.704998072723,0.440900021004
0.029,0.704227161763,0.437694951097
0.03,0.703102916613,0.434847396291
0.031,0.702171399203,0.431888171813
0.032,0.701239881794,0.429283270935
0.033,0.700725941154,0.426365409623
0.034,0.700083515354,0.423863605414
0.035,0.699151997944,0.421214113522
0.036,0.698573814724,0.418969503468
0.037,0.697802903765,0.416549091211
0.038,0.697128356675,0.414234083959
0.039,0.696550173455,0.41158221303
0.04,0.695875626365,0.409242777325
0.041,0.695072594115,0.406996755537
0.042,0.694494410896,0.405098427985
0.043,0.693595014776,0.40303349364
0.044,0.692984710266,0.400943126608
0.045,0.692374405756,0.399053220485
0.046,0.691699858666,0.396852844544
0.047,0.690993190287,0.395093160514
0.048,0.690575613517,0.392728435248
0.049,0.689997430297,0.390406959771
0.05,0.689355004497,0.3886055917
0.051,0.688551972247,0.386648613646
0.052,0.687588333547,0.384926850894
0.053,0.686721058718,0.382669121577
0.054,0.685885905178,0.380814646947
0.055,0.685468328408,0.379031775477
0.056,0.684697417448,0.377043269231
0.057,0.684087112938,0.375252570946
0.058,0.683187716819,0.373550516213
0.059,0.682673776179,0.371981410042
0.06,0.682063471669,0.370256347731
0.061,0.681260439419,0.368408165764
0.062,0.680393164589,0.366653350951
0.063,0.67994346653,0.365110186469
0.064,0.6793974046,0.363456423579
0.065,0.67862649364,0.361926633977
0.066,0.67804831042,0.360031152648
0.067,0.67756649107,0.358417450545
0.068,0.67721315688,0.356730829519
0.069,0.676731337531,0.355033493726
0.07,0.675928305281,0.353479564463
0.071,0.675414364641,0.351844229856
0.072,0.674900424001,0.35050957234
0.073,0.674033149171,0.349277116107
0.074,0.673583451111,0.347842749018
0.075,0.673037389182,0.346631659836
0.076,0.672137993062,0.345042583963
0.077,0.671559809842,0.343520309478
0.078,0.670917384042,0.342351077928
0.079,0.670114351792,0.341283214517
0.08,0.669632532443,0.339811504712
0.081,0.668861621483,0.338483603886
0.082,0.668347680843,0.337330893406
0.083,0.667769497623,0.335868104494
0.084,0.666934344083,0.334407576704
0.085,0.666420403443,0.332794510606
0.086,0.665777977644,0.331712802196
0.087,0.665039187974,0.330247835175
0.088,0.664236155724,0.329286949581
0.089,0.663433123474,0.328029620735
0.09,0.662726455094,0.326822742475
0.091,0.661923422845,0.325742839895
0.092,0.661441603495,0.324899193548
0.093,0.660542207375,0.323626558814
0.094,0.659674932545,0.322505408329
0.095,0.658743415136,0.32155081845
0.096,0.658229474496,0.320539383852
0.097,0.657554927406,0.319325727907
0.098,0.656880380316,0.31805607732
0.099,0.656237954516,0.316946251284
0.1,0.655370679686,0.315977346834
0.101,0.654664011307,0.315039741252
0.102,0.653925221637,0.313729550632
0.103,0.652800976487,0.312430747922
0.104,0.652158550687,0.310989163657
0.105,0.651291275858,0.309584364004
0.106,0.650584607478,0.308138519062
0.107,0.649685211358,0.306491775681
0.108,0.648593087498,0.305224274406
0.109,0.647597327509,0.304215911095
0.11,0.646762173969,0.302785742098
0.111,0.645798535269,0.301686490325
0.112,0.644963381729,0.300516289834
0.113,0.6440961069,0.299246347823
0.114,0.64310034691,0.297889115866
0.115,0.64220095079,0.296931148484
0.116,0.64123731209,0.295837087764
0.117,0.640305794681,0.294481411833
0.118,0.639310034691,0.293035241172
0.119,0.638442759861,0.29201994105
0.12,0.637350636002,0.291047771979
0.121,0.636740331492,0.289879994146
0.122,0.635680328922,0.28846789294
0.123,0.634813054092,0.2877539005
0.124,0.633785172813,0.286320998597
0.125,0.632789412823,0.284602268515
0.126,0.631504561223,0.283322793051
0.127,0.630765771553,0.28187618941
0.128,0.629802132854,0.280483695856
0.129,0.628710008994,0.279232242798
0.13,0.627682127714,0.278108515448
0.131,0.626654246435,0.276491944634
0.132,0.625465758705,0.275108175814
0.133,0.624277270975,0.273963212613
0.134,0.623249389695,0.272946029563
0.135,0.621675446486,0.27193621344
0.136,0.620519080046,0.270874197146
0.137,0.619234228447,0.269769595925
0.138,0.618334832327,0.268504180861
0.139,0.617371193627,0.267401684848
0.14,0.616214827187,0.266568024297
0.141,0.615219067198,0.265513336197
0.142,0.614223307208,0.264271441445
0.143,0.613388153668,0.263056548906
0.144,0.612520878838,0.262008905702
0.145,0.611332391109,0.260998458437
0.146,0.610304509829,0.260118127403
0.147,0.609019658229,0.259254841147
0.148,0.60770268534,0.258189362806
0.149,0.60641783374,0.25725609512
0.15,0.605261467301,0.256005463164
0.151,0.603912373121,0.254948599073
0.152,0.602531157651,0.253984305477
0.153,0.601406912502,0.253093682801
0.154,0.599961454452,0.251955034213
0.155,0.598740845432,0.250786774022
0.156,0.597423872543,0.2495488105
0.157,0.596363869973,0.248488089851
0.158,0.595303867403,0.247400132057
0.159,0.594468713864,0.246192683331
0.16,0.593119619684,0.245067497404
0.161,0.591899010664,0.244292617897
0.162,0.590678401645,0.24333361197
0.163,0.589393550045,0.242209453508
0.164,0.588269304895,0.241334342924
0.165,0.587145059746,0.240059096665
0.166,0.585828086856,0.239503978331
0.167,0.584768084286,0.238440962935
0.168,0.583515353977,0.237358892439
0.169,0.582583836567,0.236309269543
0.17,0.581427470127,0.235301679808
0.171,0.580560195297,0.234325985132
0.172,0.579468071438,0.233570351217
0.173,0.578472311448,0.232846526097
0.174,0.577219581138,0.231856412035
0.175,0.575677759219,0.23097672395
0.176,0.574328665039,0.229969872942
0.177,0.57310805602,0.228824328469
0.178,0.57175896184,0.227948289508
0.179,0.57069895927,0.226771375629
0.18,0.569125016061,0.225593550673
0.181,0.567840164461,0.224824460048
0.182,0.566619555441,0.223975747849
0.183,0.565334703842,0.22301257102
0.184,0.564274701272,0.222092605887
0.185,0.563278941282,0.221032263871
0.186,0.562058332263,0.219823888011
0.187,0.561062572273,0.218982068466
0.188,0.559360143903,0.218114854727
0.189,0.558235898754,0.217230685031
0.19,0.556822561994,0.216107321093
0.191,0.555569831684,0.215017692202
0.192,0.554670435565,0.213972994147
0.193,0.553449826545,0.212802368068
0.194,0.552100732365,0.21189901615
0.195,0.550301940126,0.210926210786
0.196,0.549017088526,0.210056127222
0.197,0.548021328537,0.20884739879
0.198,0.546511627907,0.207901676399
0.199,0.545162533727,0.20703180379
0.2,0.543492226648,0.206479461152
0.201,0.541500706668,0.206246429252
0.202,0.539894642169,0.205343912815
0.203,0.538513426699,0.204307780869
0.204,0.5369073622,0.203131775476
0.205,0.53552614673,0.202262946666
0.206,0.533855839651,0.201718196379
0.207,0.532249775151,0.20058493785
0.208,0.530450982911,0.199304467085
0.209,0.529037646152,0.198416990315
0.21,0.527367339072,0.197521721959
0.211,0.525440061673,0.19681721283
0.212,0.523352177823,0.196295189722
0.213,0.521970962354,0.19558265041
0.214,0.520204291404,0.194456996536
0.215,0.518469741745,0.193515857409
0.216,0.516895798535,0.192556962025
0.217,0.515321855326,0.191826776456
0.218,0.513844275986,0.190750854984
0.219,0.512463060517,0.189648987958
0.22,0.510503661827,0.188681188527
0.221,0.508704869588,0.188001034394
0.222,0.507484260568,0.186792648738
0.223,0.506231530258,0.185721730068
0.224,0.504529101889,0.184574300974
0.225,0.502441218039,0.183946136447
0.226,0.5006424258,0.183062130178
0.227,0.49881151227,0.181905065307
0.228,0.497494539381,0.180756929638
0.229,0.495920596171,0.180090982071
0.23,0.494603623282,0.179014667168
0.231,0.493190286522,0.178382749326
0.232,0.491391494282,0.177817473206
0.233,0.489560580753,0.176864088758
0.234,0.487890273673,0.175798962032
0.235,0.486219966594,0.175124814835
0.236,0.484646023384,0.174315464713
0.237,0.482782988565,0.173905826371
0.238,0.481016317615,0.173333333333
0.239,0.479410253116,0.17247921433
0.24,0.477996916356,0.171503809951
0.241,0.476037517667,0.170487186708
0.242,0.474527817037,0.169720619839
0.243,0.473146601568,0.1689373297
0.244,0.471251445458,0.168311184623
0.245,0.469613259669,0.167411481609
0.246,0.467878710009,0.166580325793
0.247,0.466208402929,0.16614655571
0.248,0.46444173198,0.165650937373
0.249,0.4627714249,0.164947251851
0.25,0.461743543621,0.164299491496
0.251,0.460041115251,0.163712139
0.252,0.458692021072,0.16271805752
0.253,0.456668379802,0.162264597892
0.254,0.454676859823,0.16155723555
0.255,0.453295644353,0.161020493517
0.256,0.451528973404,0.160645703313
0.257,0.449826545034,0.160036166365
0.258,0.448316844404,0.159057883265
0.259,0.447160477965,0.158313589697
0.26,0.445747141205,0.157496645114
0.261,0.444044712836,0.156500950162
0.262,0.442567133496,0.156198092894
0.263,0.441378645766,0.155294844088
0.264,0.439997430297,0.15486149842
0.265,0.438134395477,0.154621848739
0.266,0.436624694848,0.153745154433
0.267,0.435018630348,0.153145799322
0.268,0.433541051009,0.152565880721
0.269,0.432031350379,0.152259207695
0.27,0.43020043685,0.152110348335
0.271,0.42888346396,0.151515151515
0.272,0.42763073365,0.150643694357
0.273,0.426185275601,0.149539926646
0.274,0.425093151741,0.148934796643
0.275,0.424033149171,0.14807617567
0.276,0.422523448542,0.147567637877
0.277,0.420821020172,0.147047295532
0.278,0.419247076963,0.147062680304
0.279,0.417576769883,0.146489263602
0.28,0.416484646023,0.145962732919
0.281,0.415167673134,0.145387013332
0.282,0.413947064114,0.144616818696
0.283,0.412340999615,0.144299565363
0.284,0.410863420275,0.143643811698
0.285,0.408968264165,0.143117531898
0.286,0.407844019016,0.142344173442
0.287,0.406430682256,0.141778352269
0.288,0.405210073237,0.141550641551
0.289,0.404246434537,0.141136208077
0.29,0.403154310677,0.140394257847
0.291,0.401708852628,0.140108942977
0.292,0.400070666838,0.139741015165
0.293,0.399139149428,0.139355645049
0.294,0.397822176539,0.139084384363
0.295,0.396473082359,0.138459385713
0.296,0.395156109469,0.138192542659
0.297,0.39416034948,0.137583656217
0.298,0.39293974046,0.136855506047
0.299,0.39181549531,0.136511990918
0.3,0.390434279841,0.136130502921
0.301,0.388571245021,0.135520378196
0.302,0.386515482462,0.135244130779
0.303,0.384813054092,0.134689151046
0.304,0.383656687653,0.134412896667
0.305,0.381825774123,0.134447038226
0.306,0.380573043813,0.134187408492
0.307,0.379095464474,0.133686300463
0.308,0.377746370294,0.133013293944
0.309,0.375690607735,0.132218506132
0.31,0.374534241295,0.131861575179
0.311,0.373474238725,0.130942576926
0.312,0.372317872286,0.130643828413
0.313,0.370840292946,0.130047550759
0.314,0.369587562637,0.129772727273
0.315,0.368270589747,0.129581749049
0.316,0.366664525247,0.129079098204
0.317,0.365508158808,0.128547323209
0.318,0.364383913658,0.127944572748
0.319,0.362585121418,0.127274134861
0.32,0.361171784659,0.127031019202
0.321,0.359822690479,0.127174845908
0.322,0.35802389824,0.126412429379
0.323,0.35648207632,0.126054394955
0.324,0.35561480149,0.125484304578
0.325,0.354619041501,0.125297383029
0.326,0.353462675061,0.124611832152
0.327,0.352434793781,0.124021096372
0.328,0.351021457022,0.12368568906
0.329,0.349640241552,0.123398081728
0.33,0.348419632532,0.122916329503
0.331,0.347070538353,0.122765680858
0.332,0.345849929333,0.122287485724
0.333,0.344661441603,0.122083026283
0.334,0.343440832584,0.121670503124
0.335,0.342348708724,0.121432106913
0.336,0.341160220994,0.120931003065
0.337,0.340068097135,0.120615128845
0.338,0.338622639085,0.120554349641
0.339,0.337273544906,0.120315251111
0.34,0.335828086856,0.12003032345
0.341,0.334414750096,0.119573495811
0.342,0.333129898497,0.119435949711
0.343,0.331845046897,0.119242579324
0.344,0.330817165617,0.119041506205
0.345,0.329757163048,0.118697930087
0.346,0.328086855968,0.118469907607
0.347,0.326930489528,0.117998959598
0.348,0.325998972119,0.117836333594
0.349,0.325035333419,0.11752901143
0.35,0.323750481819,0.117477003942
0.351,0.32275472183,0.117641890705
0.352,0.32159835539,0.117314986328
0.353,0.32040986766,0.116995837393
0.354,0.319446228961,0.116601493068
0.355,0.318418347681,0.116382769999
0.356,0.317326223821,0.115391506898
0.357,0.316169857381,0.115287769784
0.358,0.314820763202,0.115085817525
0.359,0.313311062572,0.115094853408
0.36,0.312347423873,0.114592822008
0.361,0.311223178723,0.114473804517
0.362,0.310323782603,0.114199229499
0.363,0.309552871643,0.113636363636
0.364,0.308717718104,0.113008955775
0.365,0.307882564564,0.113198815254
0.366,0.306790440704,0.112886741615
0.367,0.305858923294,0.112530300205
0.368,0.304927405885,0.112005240011
0.369,0.303803160735,0.111706125517
0.37,0.302968007195,0.111561292754
0.371,0.302197096235,0.11131059246
0.372,0.301329821406,0.110573731626
0.373,0.300494667866,0.110339579568
0.374,0.299659514326,0.110273776591
0.375,0.298663754336,0.109749090213
0.376,0.297539509187,0.109690444145
0.377,0.296768598227,0.109343361296
0.378,0.296126172427,0.108510638298
0.379,0.294937684697,0.108467663624
0.38,0.294102531158,0.107873708829
0.381,0.293203135038,0.10755842378
0.382,0.292271617628,0.107426665359
0.383,0.291340100218,0.107118243576
0.384,0.290344340229,0.106210443038
0.385,0.289380701529,0.105994442239
0.386,0.288288577669,0.1059972106
0.387,0.28726069639,0.105442176871
0.388,0.28674675575,0.105342287261
0.389,0.28587948092,0.104728370221
0.39,0.28520493383,0.104408352668
0.391,0.28443402287,0.104208822339
0.392,0.283759475781,0.10406734963
0.393,0.283084928691,0.103914590747
0.394,0.282410381601,0.103680293608
0.395,0.281350379031,0.103846940864
0.396,0.280418861621,0.103788112103
0.397,0.279647950662,0.103860010293
0.398,0.278844918412,0.103850521317
0.399,0.278266735192,0.103301935617
0.4,0.277720673262,0.10292591824
0.401,0.276660670693,0.102438516048
0.402,0.276146730053,0.101765750705
0.403,0.275150970063,0.101625589932
0.404,0.274283695233,0.101157894737
0.405,0.273127328794,0.101067766149
0.406,0.272517024284,0.100604261635
0.407,0.271489143004,0.100276772408
0.408,0.270621868174,0.0995083368961
0.409,0.269722472054,0.0993242518503
0.41,0.268790954645,0.099052540913
0.411,0.267763073365,0.0987133744189
0.412,0.266767313375,0.0983606557377
0.413,0.265964281126,0.0981374577933
0.414,0.265129127586,0.0977262789681
0.415,0.264550944366,0.0971278228459
0.416,0.263876397276,0.0965577917079
0.417,0.263041243736,0.0961368653422
0.418,0.262173968907,0.0958236401905
0.419,0.261531543107,0.0954338406844
0.42,0.260503661827,0.0953708867819
0.421,0.259829114737,0.0951901565996
0.422,0.259026082487,0.0946446615022
0.423,0.258480020558,0.0943162633652
0.424,0.257869716048,0.0942118921358
0.425,0.256809713478,0.0936401768507
0.426,0.256135166388,0.092729548299
0.427,0.255267891559,0.092186429061
0.428,0.254111525119,0.0922547332186
0.429,0.253180007709,0.0921446671274
0.43,0.252473339329,0.0917494800092
0.431,0.25150970063,0.0916473317865
0.432,0.25073878967,0.0915861747934
0.433,0.25006424258,0.0912804949224
0.434,0.24932545291,0.0909942616231
0.435,0.24842605679,0.0909732016925
0.436,0.247783630991,0.0906518920193
0.437,0.247044841321,0.0902531346108
0.438,0.246370294231,0.0900462688338
0.439,0.245631504561,0.0900761542123
0.44,0.244667865861,0.0898554188075
0.441,0.244057561352,0.08896882494
0.442,0.243383014262,0.088974389804
0.443,0.242836952332,0.0881678928959
0.444,0.242387254272,0.0880966767372
0.445,0.241616343312,0.0876895087932
0.446,0.240845432353,0.0873904576436
0.447,0.240106642683,0.0873015873016
0.448,0.239271489143,0.0873560401862
0.449,0.238596942053,0.0873571691854
0.45,0.237826031093,0.0871655776107
0.451,0.237022998844,0.0867574257426
0.452,0.236380573044,0.0865193644489
0.453,0.235738147244,0.0867346938776
0.454,0.235095721444,0.086837180287
0.455,0.234421174354,0.0866082603254
0.456,0.233714505975,0.0866181270399
0.457,0.232911473725,0.0865457294029
0.458,0.232108441475,0.0864728192162
0.459,0.231337530515,0.0867359878265
0.46,0.230727226005,0.0867132867133
0.461,0.230181164076,0.0867847585064
0.462,0.229570859566,0.0865286298569
0.463,0.229024797636,0.0866000512426
0.464,0.228350250546,0.0863642205372
0.465,0.227611460876,0.0862669245648
0.466,0.227001156366,0.0861244019139
0.467,0.226358730567,0.086229253112
0.468,0.225652062187,0.0860005204267
0.469,0.224849029937,0.0859232175503
0.47,0.224302968007,0.0857554333595
0.471,0.224013876397,0.0853770491803
0.472,0.223339329307,0.0851315789474
0.473,0.222664782218,0.085367462726
0.474,0.221925992548,0.085506287227
0.475,0.221508415778,0.084804246848
0.476,0.220930232558,0.0847638057219
0.477,0.220416291918,0.0843341339738
0.478,0.219838108698,0.0842922130051
0.479,0.219356289349,0.0839704896043
0.48,0.218585378389,0.0838718362951
0.481,0.217685982269,0.0839416058394
0.482,0.216979313889,0.0839435855709
0.483,0.216465373249,0.0840016310996
0.484,0.21595143261,0.0838103025348
0.485,0.21546961326,0.0833561082263
0.486,0.21498779391,0.0834018077239
0.487,0.21453809585,0.0833104584134
0.488,0.21392779134,0.0831497797357
0.489,0.21347809328,0.0830573951435
0.49,0.21318900167,0.0831606575494
0.491,0.2127714249,0.0830564784053
0.492,0.212289605551,0.082974885528
0.493,0.211807786201,0.082892906815
0.494,0.211358088141,0.0826711278405
0.495,0.210490813311,0.082598348033
0.496,0.210041115251,0.0826318742985
0.497,0.209591417191,0.0827944897385
0.498,0.209077476551,0.0828519092574
0.499,0.208692021072,0.0827333050967
0.5,0.208113837852,0.0824245857527
0.501,0.207118077862,0.0825270347183
0.502,0.206218681742,0.0824639131056
0.503,0.205479892072,0.0818142672599
0.504,0.204741102403,0.0815561959654
0.505,0.204098676603,0.0812608444187
0.506,0.203745342413,0.0813902968863
0.507,0.203070795323,0.0812381921232
0.508,0.202364126943,0.0812308589762
0.509,0.201882307593,0.0810059950285
0.51,0.201336245664,0.0806688178351
0.511,0.200790183734,0.0803295571576
0.512,0.200308364384,0.0802359882006
0.513,0.199890787614,0.0803901285651
0.514,0.199344725684,0.0804563639058
0.515,0.198605936014,0.0803212851406
0.516,0.197899267635,0.0803104941036
0.517,0.197481690865,0.0801915020946
0.518,0.196742901195,0.0800540702914
0.519,0.196196839265,0.0795660036166
0.52,0.195811383785,0.0792931581332
0.521,0.195265321855,0.0793578676359
0.522,0.194783502505,0.0792590343152
0.523,0.193948348966,0.0785899587975
0.524,0.193338044456,0.0786774835451
0.525,0.192759861236,0.0784705159705
0.526,0.192085314146,0.0784404376637
0.527,0.191571373506,0.0784919653894
0.528,0.190864705127,0.0779019242706
0.529,0.190447128357,0.0777725929382
0.53,0.189933187717,0.0773911686691
0.531,0.189387125787,0.0773082942097
0.532,0.188937427727,0.0771885786006
0.533,0.188327123217,0.0772741580107
0.534,0.187556212257,0.076983876067
0.535,0.186881665168,0.0769474853244
0.536,0.186399845818,0.0766905330151
0.537,0.185853783888,0.0761615839055
0.538,0.185275600668,0.0759371996155
0.539,0.184568932288,0.0762057877814
0.54,0.184022870358,0.0758186804323
0.541,0.183605293589,0.0755296781498
0.542,0.183059231659,0.075438027255
0.543,0.182705897469,0.074821080026
0.544,0.182320441989,0.0749674054759
0.545,0.181870743929,0.0751388435152
0.546,0.181581652319,0.0749468172149
0.547,0.181099832969,0.0748276993764
0.548,0.180714377489,0.0746710526316
0.549,0.180425285879,0.0747817493
0.55,0.17991134524,0.074673715513
0.551,0.1793974046,0.0744116672191
0.552,0.17894770654,0.0744309685994
0.553,0.17865861493,0.073771856786
0.554,0.178112553,0.0738266243528
0.555,0.17753436978,0.0737388972683
0.556,0.17698830785,0.0736381977135
0.557,0.176410124631,0.073705515264
0.558,0.175896183991,0.0735916088648
0.559,0.175446485931,0.0726655348048
0.56,0.175028909161,0.0723527408921
0.561,0.174611332391,0.0723549488055
0.562,0.174322240781,0.0719904240766
0.563,0.173808300141,0.0718696397942
0.564,0.173487087241,0.0716741148161
0.565,0.173133753052,0.071809884622
0.566,0.172748297572,0.0716381840152
0.567,0.172491327252,0.0712556208924
0.568,0.172041629192,0.0712675567886
0.569,0.171624052422,0.0712671649574
0.57,0.171270718232,0.0712419439122
0.571,0.170853141462,0.0709170305677
0.572,0.170371322112,0.0706150341686
0.573,0.170082230502,0.0704002808989
0.574,0.169761017602,0.070197044335
0.575,0.169311319543,0.0702063856059
0.576,0.168957985353,0.0700141442716
0.577,0.168572529873,0.0695035460993
0.578,0.168187074393,0.0694864048338
0.579,0.167705255043,0.069506326858
0.58,0.167384042143,0.0696304231387
0.581,0.167127071823,0.0693972455732
0.582,0.166516767313,0.0696338837042
0.583,0.166131311833,0.0696168375607
0.584,0.165777977644,0.0692515779982
0.585,0.165264037004,0.0692836468886
0.586,0.165007066684,0.0688780134131
0.587,0.164814338944,0.0687840290381
0.588,0.164300398304,0.0686453022578
0.589,0.164011306694,0.0687579792085
0.59,0.163465244764,0.0686310395315
0.591,0.163272517024,0.0683651026393
0.592,0.162822818964,0.0685409775818
0.593,0.162533727354,0.0686545186821
0.594,0.162244635745,0.0684249354482
0.595,0.161955544135,0.068022181146
0.596,0.161634331235,0.0681481481481
0.597,0.160927662855,0.0680803571429
0.598,0.160734935115,0.067982864593
0.599,0.160220994475,0.0680119581465
0.6,0.159964024155,0.0675903388878
0.601,0.159289477065,0.0673312018055
0.602,0.158614929976,0.0672459387986
0.603,0.158229474496,0.0668687251373
0.604,0.157747655146,0.0668820064602
0.605,0.157330078376,0.0666920731707
0.606,0.156976744186,0.0662972869698
0.607,0.156334318386,0.0660142007292
0.608,0.155852499036,0.0662047729022
0.609,0.155306437107,0.066061425536
0.61,0.154760375177,0.0660980810235
0.611,0.154407040987,0.0662393162393
0.612,0.153957342927,0.0651453091476
0.613,0.153282795837,0.0654132393263
0.614,0.152833097777,0.0655930871956
0.615,0.152254914557,0.0654574132492
0.616,0.152030065527,0.065178747778
0.617,0.151708852628,0.0651227236738
0.618,0.151227033278,0.0649453823237
0.619,0.151002184248,0.0648498110205
0.62,0.150456122318,0.0648832102216
0.621,0.150167030708,0.0648129625925
0.622,0.149685211358,0.0648203893237
0.623,0.149171270718,0.0646525679758
0.624,0.148625208788,0.0646856680817
0.625,0.148175510729,0.0646796431468
0.626,0.147725812669,0.0648637657584
0.627,0.147372478479,0.0648185894823
0.628,0.146762173969,0.0643047306983
0.629,0.146344597199,0.064476386037
0.63,0.145830656559,0.0643033800495
0.631,0.145509443659,0.0642429250155
0.632,0.144995503019,0.0640680074642
0.633,0.14457792625,0.0638519134775
0.634,0.14444944109,0.0639050791007
0.635,0.14403186432,0.0638830897704
0.636,0.14371065142,0.063428930291
0.637,0.1431324682,0.0632751734286
0.638,0.14271489143,0.0632511068944
0.639,0.1424900424,0.0631467793031
0.64,0.14207246563,0.0629237288136
0.641,0.14175125273,0.0626593033135
0.642,0.14149428241,0.0625665035114
0.643,0.140916099191,0.0626068376068
0.644,0.140273673391,0.0624731644483
0.645,0.139791854041,0.0622710622711
0.646,0.139470641141,0.0622030237581
0.647,0.139085185661,0.062364660026
0.648,0.138507002441,0.0617928633594
0.649,0.138153668251,0.0617364746946
0.65,0.137671848901,0.0609114811569
0.651,0.137318514712,0.0604395604396
0.652,0.137029423102,0.0603524229075
0.653,0.136676088912,0.0600839407996
0.654,0.136419118592,0.05998229305
0.655,0.136065784402,0.0599201065246
0.656,0.135776692792,0.0592032049855
0.657,0.135391237312,0.0587315765967
0.658,0.135005781832,0.0586786114222
0.659,0.134909417962,0.058507061197
0.66,0.134459719902,0.0580558055806
0.661,0.134234870872,0.0579350766456
0.662,0.134042143132,0.0578008579815
0.663,0.133849415393,0.0572398190045
0.664,0.133463959913,0.0569677712211
0.665,0.133110625723,0.056251423366
0.666,0.132789412823,0.0563798219585
0.667,0.132500321213,0.0558480201419
0.668,0.132211229603,0.0553132889603
0.669,0.132050623153,0.0545078196872
0.67,0.131890016703,0.0541349919373
0.671,0.131600925093,0.0535920535921
0.672,0.131279712193,0.0534969893469
0.673,0.130797892843,0.0532434317601
0.674,0.130444558653,0.05337995338
0.675,0.129866375434,0.0531615925059
0.676,0.129673647694,0.0532363977486
0.677,0.129384556084,0.0531264692055
0.678,0.129159707054,0.0532140334354
0.679,0.128999100604,0.053053525112
0.68,0.128677887704,0.0531789175136
0.681,0.128356674804,0.0530805687204
0.682,0.128099704484,0.0531813865147
0.683,0.127778491584,0.0533079485959
0.684,0.127585763844,0.0533841754051
0.685,0.127232429654,0.0535244922342
0.686,0.127039701914,0.0533748204883
0.687,0.126782731595,0.0534772182254
0.688,0.126686367725,0.0530612244898
0.689,0.126461518695,0.0531505531506
0.69,0.126076063215,0.0523901496861
0.691,0.125851214185,0.0520203242197
0.692,0.125530001285,0.0521464952704
0.693,0.125401516125,0.0517367014817
0.694,0.125080303225,0.0516317584023
0.695,0.124823332905,0.0515010983647
0.696,0.124502120005,0.0516271103499
0.697,0.124148785815,0.051766437684
0.698,0.123827572915,0.0516605166052
0.699,0.123634845175,0.0517368810052
0.7,0.123442117435,0.0515794669299
0.701,0.123056661956,0.0514978955187
0.702,0.122446357446,0.050796812749
0.703,0.121868174226,0.0510255127564
0.704,0.121482718746,0.0509410288582
0.705,0.120872414236,0.0507063572149
0.706,0.120519080046,0.0501265822785
0.707,0.120005139406,0.049121913973
0.708,0.119491198767,0.048349961627
0.709,0.119009379417,0.0480472764645
0.71,0.118591802647,0.047471620227
0.711,0.118206347167,0.0471258415329
0.712,0.117885134267,0.0467532467532
0.713,0.117339072337,0.046463064474
0.714,0.117017859437,0.0460853626604
0.715,0.116696646537,0.0459558823529
0.716,0.116279069767,0.0456103348273
0.717,0.115829371708,0.0452740270056
0.718,0.115283309778,0.0444621938232
0.719,0.114801490428,0.044385026738
0.72,0.114480277528,0.0437349074323
0.721,0.114191185918,0.043583535109
0.722,0.113805730438,0.0434665226782
0.723,0.113516638828,0.0435723951286
0.724,0.113227547218,0.0428998099376
0.725,0.112970576898,0.0427327163854
0.726,0.112681485288,0.0428376534789
0.727,0.112199665939,0.0424890350877
0.728,0.111910574329,0.042330951072
0.729,0.111589361429,0.042447629548
0.73,0.111332391109,0.0420121614151
0.731,0.111011178209,0.0415973377704
0.732,0.110593601439,0.0412141464773
0.733,0.110400873699,0.0404801786711
0.734,0.110015418219,0.0403474362567
0.735,0.109790569189,0.0401572591969
0.736,0.109597841449,0.0402250351617
0.737,0.109180264679,0.0392877331826
0.738,0.10869844533,0.0389094007384
0.739,0.10824874727,0.0385164051355
0.74,0.10763844276,0.0387263339071
0.741,0.10731722986,0.038284398388
0.742,0.10699601696,0.0378393991912
0.743,0.10657844019,0.0377030162413
0.744,0.10635359116,0.0372201221285
0.745,0.10612874213,0.0364537766113
0.746,0.10567904407,0.0366032210835
0.747,0.105325709881,0.0361552028219
0.748,0.104843890531,0.0354609929078
0.749,0.104394192471,0.035322054022
0.75,0.103944494411,0.0346062052506
0.751,0.103591160221,0.0344311377246
0.752,0.103045098291,0.0340258958145
0.753,0.102788127971,0.0338164251208
0.754,0.102434793781,0.0330503335355
0.755,0.102017217011,0.0328867235079
0.756,0.101888731851,0.0326318999695
0.757,0.101631761532,0.0324159021407
0.758,0.101406912502,0.032485442844
0.759,0.101021457022,0.0326053521993
0.76,0.100764486702,0.0320888614625
0.761,0.100475395092,0.0321782178218
0.762,0.100025697032,0.0323182100684
0.763,0.099832969292,0.0323785803238
0.764,0.0996723628421,0.0318252730109
0.765,0.0993832712322,0.031914893617
0.766,0.0991263009122,0.0319949811794
0.767,0.0989335731723,0.0320553111251
0.768,0.0985481176924,0.0321766561514
0.769,0.0983232686625,0.0319418089817
0.77,0.0981305409225,0.0316957210777
0.771,0.0978735706026,0.0314685314685
0.772,0.0975844789927,0.0306317804722
0.773,0.0972953873828,0.030409731114
0.774,0.0968778106129,0.0305368048859
0.775,0.0966529615829,0.0306056701031
0.776,0.096363869973,0.0300678952473
0.777,0.0961068996531,0.0301458670989
0.778,0.0959141719131,0.0298895386615
0.779,0.0955929590132,0.0296706879687
0.78,0.0952717461133,0.0297677461564
0.781,0.0950468970834,0.0298360655738
0.782,0.0946935628935,0.0296247531271
0.783,0.0944044712836,0.0297127764939
0.784,0.0942438648336,0.0297619047619
0.785,0.0939547732237,0.0298507462687
0.786,0.0937620454837,0.0289421157685
0.787,0.0936656816138,0.028971028971
0.788,0.0932802261339,0.0290872617854
0.789,0.093023255814,0.0291652698626
0.79,0.092830528074,0.0288978494624
0.791,0.0926699216241,0.0286195286195
0.792,0.0922844661442,0.0284071694285
0.793,0.0921559809842,0.0281165311653
0.794,0.0918668893743,0.028202514441
0.795,0.0915777977644,0.0282890252215
0.796,0.0913529487344,0.0283566791937
0.797,0.0911923422845,0.0277397260274
0.798,0.0908711293846,0.0278350515464
0.799,0.0906784016446,0.0278925619835
0.8,0.0905499164846,0.0279310344828
0.801,0.0900359758448,0.0280859916782
0.802,0.0896826416549,0.0278551532033
0.803,0.0890723371451,0.0276998597475
0.804,0.0883656687653,0.0279151943463
0.805,0.0878196068354,0.0277382645804
0.806,0.0873056661956,0.0275491949911
0.807,0.0866311191057,0.0274071402813
0.808,0.0861814210459,0.0257806826434
0.809,0.0855068739561,0.0259787778997
0.81,0.0850571758962,0.0261125413755
0.811,0.0845111139663,0.0255555555556
0.812,0.0840935371965,0.0245901639344
0.813,0.0835474752666,0.0243810952738
0.814,0.0830335346268,0.0245283018868
0.815,0.0826480791469,0.0242700037922
0.816,0.082262623667,0.0240091463415
0.817,0.0818450468971,0.023754789272
0.818,0.0814595914172,0.0234886407393
0.819,0.0808814081974,0.0236525785188
0.82,0.0802068611075,0.0238467552776
0.821,0.0796929204677,0.0236127508855
0.822,0.0792753436978,0.0225742574257
0.823,0.0788577669279,0.0223018717642
0.824,0.0783759475781,0.0224358974359
0.825,0.0778941282282,0.0225715437324
0.826,0.0773801875883,0.0219244823386
0.827,0.0768983682385,0.0216591744994
0.828,0.0762880637286,0.020618556701
0.829,0.0758704869588,0.0199170124481
0.83,0.0753886676089,0.0196324143693
0.831,0.0747141205191,0.0189793336145
0.832,0.0742644224592,0.018675721562
0.833,0.0739432095593,0.0187553282182
0.834,0.0735256327894,0.0184391080617
0.835,0.0729795708596,0.0185745140389
0.836,0.0724977515097,0.0186956521739
0.837,0.0719516895799,0.0184049079755
0.838,0.0712450212001,0.0172795746566
0.839,0.0708595657202,0.0173719376392
0.84,0.0703135037903,0.0170633138752
0.841,0.0698638057304,0.0167269439421
0.842,0.0694783502505,0.0163710777626
0.843,0.0689965309007,0.0160329821347
0.844,0.0686753180008,0.0161067648412
0.845,0.0681934986509,0.016218721038
0.846,0.0676153154311,0.0163551401869
0.847,0.0670371322112,0.0164938737041
0.848,0.0666837980213,0.0165798199905
0.849,0.0663304638314,0.0166666666667
0.85,0.0657844019016,0.0168026884301
0.851,0.0652383399717,0.0169409486931
0.852,0.0647886419119,0.0170565302144
0.853,0.064306822562,0.015732546706
0.854,0.0640177309521,0.0148294611962
0.855,0.0637286393422,0.013916500994
0.856,0.0632468199923,0.0140210315473
0.857,0.0628613645124,0.0126135216953
0.858,0.0624116664525,0.0122013218099
0.859,0.0618013619427,0.0123203285421
0.86,0.0613195425928,0.0124159337817
0.861,0.060709238083,0.012539184953
0.862,0.0600668122832,0.0116279069767
0.863,0.0596813568033,0.0111761575306
0.864,0.0592959013234,0.010718113612
0.865,0.0588140819735,0.0108049702863
0.866,0.0583001413337,0.0108991825613
0.867,0.0579789284338,0.0109589041096
0.868,0.0575292303739,0.0110436223081
0.869,0.057079532314,0.0111296605454
0.87,0.0564371065142,0.0112549240293
0.871,0.0559874084543,0.0113442994895
0.872,0.0555055891045,0.0114416475973
0.873,0.0550558910446,0.00982091276719
0.874,0.0546383142747,0.00989522700815
0.875,0.0543813439548,0.00936220011703
0.876,0.053706796865,0.00947867298578
0.877,0.0530001284852,0.00960384153661
0.878,0.0525504304253,0.00968523002421
0.879,0.0520364897854,0.00917431192661
0.88,0.0516510343055,0.00863131935882
0.881,0.0513619426956,0.00867947923125
0.882,0.0509443659257,0.00813008130081
0.883,0.0502698188359,0.00760938490805
0.884,0.049916484646,0.00766283524904
0.885,0.0496273930361,0.00706940874036
0.886,0.0492740588462,0.00711974110032
0.887,0.0487279969164,0.00719895287958
0.888,0.0482782988565,0.00726552179657
0.889,0.0477322369266,0.00668449197861
0.89,0.0472182962868,0.00675675675676
0.891,0.0466401130669,0.00616016427105
0.892,0.0459976872671,0.00624566273421
0.893,0.0453873827573,0.00632911392405
0.894,0.0449376846974,0.00568585643213
0.895,0.0445201079275,0.00573888091822
0.896,0.0440382885777,0.00580130529369
0.897,0.0435564692278,0.0058651026393
0.898,0.0432673776179,0.00516986706056
0.899,0.042721315688,0.00523560209424
0.9,0.0420788898882,0.00531511009871
0.901,0.0413401002184,0.0046403712297
0.902,0.0411152511885,0.00389105058366
0.903,0.0406976744186,0.00314712824548
0.904,0.0402158550687,0.0031847133758
0.905,0.0397340357189,0.00322320709106
0.906,0.039187973789,0.00326797385621
0.907,0.0386740331492,0.00331125827815
0.908,0.0380958499293,0.00252312867956
0.909,0.0374534241295,0.00256629597947
0.91,0.0371964538096,0.00258397932817
0.911,0.0365861492998,0.00262697022767
0.912,0.0359437234999,0.00267379679144
0.913,0.0354940254401,0.00270758122744
0.914,0.0346267506103,0.00277520814061
0.915,0.0340485673905,0.00282220131703
0.916,0.0336952332006,0.00285171102662
0.917,0.0332776564307,0.00288739172281
0.918,0.0327958370808,0.0029296875
0.919,0.032217653861,0.00298210735586
0.92,0.0316394706411,0.00303643724696
0.921,0.0309649235513,0.00310237849018
0.922,0.0306437106514,0.00313479623824
0.923,0.0301297700116,0.00318809776833
0.924,0.0296800719517,0.00323624595469
0.925,0.0288127971219,0.00333333333333
0.926,0.0280097648722,0.00342857142857
0.927,0.0273673390723,0.00350877192982
0.928,0.0268212771425,0.0035799522673
0.929,0.0264358216626,0.00363196125908
0.93,0.0260503661827,0.0036855036855
0.931,0.0254400616729,0.00377358490566
0.932,0.0247655145831,0.00387596899225
0.933,0.0239946036233,0.00267022696929
0.934,0.0234485416934,0.00273224043716
0.935,0.0229988436336,0.00278551532033
0.936,0.0225170242837,0.0014245014245
0.937,0.0216176281639,0.00148367952522
0.938,0.0211358088141,0.00151745068285
0.939,0.0204612617243,0.00156739811912
0.94,0.0197867146345,0.00162074554295
0.941,0.0191764101246,0.00167224080268
0.942,0.0185339843248,0.00173010380623
0.943,0.017891558525,0.00179211469534
0.944,0.0174739817551,0.00183486238532
0.945,0.0168636772453,0.00190114068441
0.946,0.0162854940254,0.00196850393701
0.947,0.0159000385455,0.00201612903226
0.948,0.0153860979057,0.00208333333333
0.949,0.0149363998458,0.00214592274678
0.95,0.014197610176,0.00225733634312
0.951,0.0137157908262,0.00233644859813
0.952,0.0132982140563,0.00240963855422
0.953,0.0127200308364,0.00251889168766
0.954,0.0123024540666,0.00260416666667
0.955,0.0114994218168,0.00278551532033
0.956,0.0109854811769,0.00291545189504
0.957,0.0103109340871,0.00310559006211
0.958,0.00982911473725,0.00325732899023
0.959,0.0092830528074,0.00344827586207
0.96,0.00889759732751,0.00359712230216
0.961,0.00838365668765,0.00381679389313
0.962,0.00777335217782,0.00411522633745
0.963,0.00732365411795,0.00436681222707
0.964,0.00671334960812,0.0047619047619
0.965,0.00591031735835,0.00540540540541
0.966,0.00523577026853,0.00609756097561
0.967,0.00488243607863,0.00653594771242
0.968,0.00433637414879,0.00735294117647
0.969,0.00375819092895,0.00847457627119
0.97,0.00353334189901,0.00900900900901
0.971,0.00324425028909,0.00980392156863
0.972,0.00282667351921,0.0112359550562
0.973,0.00253758190929,0.0
0.974,0.0021521264294,0.0
0.975,0.00192727739946,0.0
0.976,0.0017987922395,0.0
0.977,0.00150970062958,0.0
0.978,0.00131697288963,0.0
0.979,0.0010600025697,0.0
0.98,0.000899396119748,0.0
0.981,0.000738789669793,0.0
0.982,0.000546061929847,0.0
0.983,0.000513940639856,0.0
0.984,0.00032121289991,0.0
0.985,0.000224849029937,0.0
0.986,0.000192727739946,0.0
0.987,0.000160606449955,0.0
0.988,9.6363869973e-05,0.0
0.989,9.6363869973e-05,0.0
