Confidence,TPR,FPR
0,0.626622125145,0.761230800171
0.01,0.618591802647,0.595723584946
0.02,0.613323911088,0.543363527015
0.03,0.60773480663,0.509353130571
0.04,0.603655402801,0.485358115507
0.05,0.599736605422,0.465916417561
0.06,0.594565077734,0.448806657116
0.07,0.590421431325,0.432980905791
0.08,0.586245663626,0.419824504387
0.09,0.581363227547,0.40745819398
0.1,0.576223821149,0.396739316973
0.11,0.56992804831,0.383703231744
0.12,0.563086213542,0.371774752746
0.13,0.556083772324,0.358741522231
0.14,0.547892843377,0.3462736547
0.15,0.539412822819,0.335382019764
0.16,0.530354619042,0.323364485981
0.17,0.521681870744,0.312521426123
0.18,0.512013362457,0.302090715804
0.19,0.502441218039,0.291515956229
0.2,0.492162405242,0.280333934162
0.21,0.478639342156,0.270734597156
0.22,0.46508415778,0.260209073588
0.23,0.451528973404,0.249879116746
0.24,0.437973789027,0.24019497983
0.25,0.425221636901,0.229820562277
0.26,0.412019786715,0.220690496523
0.27,0.399653090068,0.211988304094
0.28,0.388025183091,0.204043874719
0.29,0.376557882565,0.196785493509
0.3,0.365957856868,0.189913093033
0.31,0.352081459591,0.183621718377
0.32,0.340164461005,0.177641296743
0.33,0.328889888218,0.171953390516
0.34,0.317711679301,0.167368598383
0.35,0.307047411024,0.162943495401
0.36,0.296897083387,0.158316633267
0.37,0.288481305409,0.153962121926
0.38,0.280611589361,0.148801403235
0.39,0.272324296544,0.144860284475
0.4,0.265289734036,0.14307947707
0.41,0.256906077348,0.138888888889
0.42,0.24906848259,0.13508087005
0.43,0.241552100732,0.131037670441
0.44,0.234646023384,0.127135858526
0.45,0.228478735706,0.123042781408
0.46,0.222086598998,0.120915448188
0.47,0.216144160349,0.119010212097
0.48,0.210844147501,0.116316639742
0.49,0.205929590132,0.114380439287
0.5,0.201207760504,0.112873530661
0.51,0.194944108955,0.109856262834
0.52,0.189836823847,0.1073855913
0.53,0.184344083258,0.104540489936
0.54,0.17878710009,0.102113244072
0.55,0.174771938841,0.101106889146
0.56,0.170274958242,0.0975485188968
0.57,0.166613131183,0.0964988677931
0.58,0.162919182834,0.0944474201036
0.59,0.159193113195,0.092972181552
0.6,0.155852499036,0.0915558884104
0.61,0.150841577798,0.0897460748207
0.62,0.146730052679,0.0880415252545
0.63,0.14236155724,0.0865622423743
0.64,0.138796094051,0.0845338983051
0.65,0.134620326352,0.0817265556529
0.66,0.131504561223,0.0787578757876
0.67,0.129352434794,0.072333563695
0.68,0.126236669665,0.071141574096
0.69,0.123731209045,0.0700144857557
0.7,0.121129384556,0.0693484698914
0.71,0.116536040087,0.0639834881321
0.72,0.112681485288,0.0587603971022
0.73,0.109694205319,0.0561083471531
0.74,0.10609662084,0.052495697074
0.75,0.102402672491,0.0489260143198
0.76,0.0993190286522,0.0459734649799
0.77,0.0967814467429,0.0450079239303
0.78,0.0940511370937,0.0421982335623
0.79,0.0916420403443,0.0413306451613
0.8,0.0894899139149,0.0393103448276
0.81,0.0841256584864,0.0367782272894
0.82,0.0793717075678,0.0340109460516
0.83,0.0746498779391,0.0292397660819
0.84,0.0696389567005,0.0264930399641
0.85,0.0653347038417,0.0235237638022
0.86,0.0609340871129,0.0186239006725
0.87,0.0561801361943,0.015756893641
0.88,0.0514261852756,0.0129469790382
0.89,0.0470255685468,0.0108108108108
0.9,0.0419504047283,0.0083523158694
0.91,0.0371322112296,0.00430663221361
0.92,0.0315752280612,0.00506072874494
0.93,0.0259861236027,0.00614250614251
0.94,0.0197224720545,0.00486223662885
0.95,0.014133367596,0.00677200902935
0.96,0.00886547603752,0.00719424460432
0.97,0.00353334189901,0.00900900900901
0.98,0.000899396119748,0.0
0.99,3.2121289991e-05,0.0
