Confidence,TPR,FPR
0,0.730438134395,0.722881419845
0.001,0.730438134395,0.722881419845
0.002,0.726936913786,0.668730276171
0.003,0.724174482847,0.636537502079
0.004,0.722086598998,0.613919452861
0.005,0.720384170628,0.596895918708
0.006,0.718778106129,0.580965442639
0.007,0.717075677759,0.567857356788
0.008,0.71563021971,0.556128634542
0.009,0.71447385327,0.545032595624
0.01,0.71331748683,0.535952924947
0.011,0.712161120391,0.527862587036
0.012,0.711197481691,0.520280689208
0.013,0.710201721701,0.513128605824
0.014,0.709077476551,0.507048742283
0.015,0.708049595272,0.501725343903
0.016,0.706989592702,0.496757151954
0.017,0.706250803032,0.49175129929
0.018,0.705126557883,0.486862404783
0.019,0.704130797893,0.482610071312
0.02,0.702974431453,0.479023983111
0.021,0.701978671463,0.474398075826
0.022,0.701143517924,0.469946175992
0.023,0.700340485674,0.466190464171
0.024,0.699344725684,0.46227880331
0.025,0.698316844404,0.458879679762
0.026,0.697642297315,0.455170808658
0.027,0.696807143775,0.451562459277
0.028,0.695939868945,0.448146397816
0.029,0.695168957985,0.444990748084
0.03,0.694044712836,0.442191532955
0.031,0.693145316716,0.439279115229
0.032,0.692245920596,0.436690279312
0.033,0.691731979956,0.433815561335
0.034,0.691089554156,0.431353324073
0.035,0.690190158037,0.428720140259
0.036,0.689611974817,0.426511064626
0.037,0.688841063857,0.424129250007
0.038,0.688166516767,0.421851542952
0.039,0.687620454837,0.419212387154
0.04,0.686978029038,0.416879579976
0.041,0.686207118078,0.414642403724
0.042,0.685628934858,0.412774394562
0.043,0.684761660028,0.410716826499
0.044,0.684151355518,0.408659617033
0.045,0.683605293589,0.406799598336
0.046,0.682962867789,0.404634272869
0.047,0.682352563279,0.402817960884
0.048,0.681934986509,0.400488258545
0.049,0.681356803289,0.398201669878
0.05,0.680746498779,0.396401148819
0.051,0.67994346653,0.394478130335
0.052,0.67897982783,0.392788532585
0.053,0.67814467429,0.390538694542
0.054,0.67734164204,0.388686784351
0.055,0.67692406527,0.386930764167
0.056,0.676185275601,0.384945913462
0.057,0.675574971091,0.383184052595
0.058,0.674707696261,0.381482939235
0.059,0.674193755621,0.379939856019
0.06,0.673583451111,0.378242448258
0.061,0.672780418862,0.376427019251
0.062,0.671945265322,0.374673508896
0.063,0.671495567262,0.373154569271
0.064,0.670949505332,0.371528422094
0.065,0.670178594372,0.370026689839
0.066,0.669632532443,0.368130841121
0.067,0.669150713093,0.36654270446
0.068,0.668829500193,0.364850460844
0.069,0.668347680843,0.36317891625
0.07,0.667576769883,0.361622218715
0.071,0.667062829243,0.360012664239
0.072,0.666548888603,0.35870082865
0.073,0.665681613774,0.357493153302
0.074,0.665231915714,0.356082138409
0.075,0.664685853784,0.354892418033
0.076,0.663786457664,0.353334404628
0.077,0.663208274444,0.351837524178
0.078,0.662565848644,0.350690067552
0.079,0.661762816395,0.349643551523
0.08,0.661280997045,0.348196295093
0.081,0.660510086085,0.346893539344
0.082,0.659996145445,0.345761714921
0.083,0.659417962225,0.34432462552
0.084,0.658582808686,0.342891907001
0.085,0.658068868046,0.341305710421
0.086,0.657426442246,0.340245394715
0.087,0.656687652576,0.33880760426
0.088,0.655884620326,0.337867500333
0.089,0.655081588077,0.336635644951
0.09,0.654374919697,0.335451505017
0.091,0.653571887447,0.334395331679
0.092,0.653090068097,0.333568548387
0.093,0.652190671977,0.332322210988
0.094,0.651323397148,0.331226338561
0.095,0.650391879738,0.330294506388
0.096,0.649877939098,0.329302673143
0.097,0.649203392008,0.328111697599
0.098,0.648528844918,0.326867251802
0.099,0.647886419119,0.325778842862
0.1,0.647019144289,0.324832675476
0.101,0.646312475909,0.323917007879
0.102,0.645573686239,0.322634085732
0.103,0.64444944109,0.321364265928
0.104,0.64380701529,0.319949986107
0.105,0.64293974046,0.318572971466
0.106,0.64223307208,0.317154139148
0.107,0.64133367596,0.315540279872
0.108,0.640241552101,0.314300791557
0.109,0.639245792111,0.313318045511
0.11,0.638410638571,0.311918162189
0.111,0.637446999872,0.310846795668
0.112,0.636611846332,0.309702688268
0.113,0.635744571502,0.308461620888
0.114,0.634748811512,0.307135433466
0.115,0.633849415393,0.306202386086
0.116,0.632885776693,0.305136060551
0.117,0.631954259283,0.303811659193
0.118,0.630958499293,0.302399012812
0.119,0.630091224464,0.301408245697
0.12,0.628999100604,0.300463486734
0.121,0.628388796094,0.299319478999
0.122,0.627328793524,0.297940301795
0.123,0.626461518695,0.297247571387
0.124,0.625433637415,0.295849028732
0.125,0.624437877425,0.294165616428
0.126,0.623153025826,0.292920650273
0.127,0.622414236156,0.291503414307
0.128,0.621450597456,0.290142637865
0.129,0.620358473596,0.288923111595
0.13,0.619330592317,0.287829691032
0.131,0.618366953617,0.286173511837
0.132,0.617242708467,0.284749108024
0.133,0.616118463317,0.283559922312
0.134,0.615122703328,0.282533134716
0.135,0.613613002698,0.281481197531
0.136,0.612456636259,0.280450751894
0.137,0.611268148529,0.279263633206
0.138,0.610400873699,0.277988541344
0.139,0.609437234999,0.276912923638
0.14,0.60834511114,0.276029904213
0.141,0.60734935115,0.275002928887
0.142,0.60635359116,0.273792265799
0.143,0.60551843762,0.27260580815
0.144,0.604683284081,0.271545099894
0.145,0.603526917641,0.270524526661
0.146,0.602531157651,0.269631743767
0.147,0.601246306052,0.268797964134
0.148,0.599961454452,0.267725332163
0.149,0.598772966722,0.266704031386
0.15,0.597680842863,0.265405318551
0.151,0.596363869973,0.264341866559
0.152,0.595079018373,0.26328775989
0.153,0.594019015804,0.262344301538
0.154,0.592573557754,0.261241446725
0.155,0.591352948734,0.260105448155
0.156,0.590035975845,0.25890073831
0.157,0.588975973275,0.257868103838
0.158,0.587915970705,0.256809177947
0.159,0.587080817166,0.25562820725
0.16,0.585731722986,0.254537902388
0.161,0.584511113966,0.253791034828
0.162,0.583290504947,0.252862994232
0.163,0.582005653347,0.251772008556
0.164,0.580913529487,0.250883392226
0.165,0.579853526918,0.249556775011
0.166,0.578568675318,0.249026578636
0.167,0.577508672748,0.247993886129
0.168,0.576320185019,0.246858359957
0.169,0.575388667609,0.245835113199
0.17,0.574232301169,0.244857730545
0.171,0.573365026339,0.243908727601
0.172,0.57227290248,0.243180349063
0.173,0.57127714249,0.242481852748
0.174,0.57002441218,0.241524321512
0.175,0.568482590261,0.240678703502
0.176,0.567133496081,0.239706588657
0.177,0.565912887062,0.238596029972
0.178,0.564563792882,0.23775393545
0.179,0.563503790312,0.236609900291
0.18,0.561929847103,0.235471296953
0.181,0.560644995503,0.23473469025
0.182,0.559424386483,0.233917346529
0.183,0.558139534884,0.232988860556
0.184,0.557079532314,0.23209798995
0.185,0.556083772324,0.231066912658
0.186,0.554863163305,0.229893881237
0.187,0.553867403315,0.229079876834
0.188,0.552164974945,0.228254444596
0.189,0.551040729796,0.22740125878
0.19,0.549627393036,0.226317476306
0.191,0.548374662726,0.225265383025
0.192,0.547475266607,0.224249965436
0.193,0.546254657587,0.223116414597
0.194,0.544905563407,0.222248004455
0.195,0.543106771168,0.221321027362
0.196,0.541821919568,0.220486435921
0.197,0.540826159579,0.219308533096
0.198,0.539316458949,0.218402712375
0.199,0.537967364769,0.217570058126
0.2,0.53629705769,0.217057205199
0.201,0.53430553771,0.21686345458
0.202,0.532699473211,0.216003059127
0.203,0.531318257741,0.215005276792
0.204,0.529712193242,0.213876174416
0.205,0.528330977772,0.213045790822
0.206,0.526660670693,0.212541862836
0.207,0.525054606193,0.211455032903
0.208,0.523255813953,0.210227272727
0.209,0.521842477194,0.20938006981
0.21,0.520172170114,0.208530805687
0.211,0.518244892715,0.207872688513
0.212,0.516157008865,0.207399661388
0.213,0.514775793396,0.206725964421
0.214,0.513009122446,0.205653461867
0.215,0.511274572787,0.204759743861
0.216,0.509700629577,0.203848101266
0.217,0.508126686368,0.203161532988
0.218,0.506649107028,0.202133632791
0.219,0.505267891559,0.201076095311
0.22,0.503308492869,0.200164787064
0.221,0.50150970063,0.199534522886
0.222,0.50028909161,0.198369847368
0.223,0.4990363613,0.197342365816
0.224,0.497333932931,0.196250916326
0.225,0.495246049081,0.19567618747
0.226,0.493447256842,0.194843617921
0.227,0.491616343312,0.193745354147
0.228,0.490299370423,0.192643923241
0.229,0.488725427213,0.192025689055
0.23,0.487408454324,0.190995540751
0.231,0.486027238854,0.190350404313
0.232,0.484228446614,0.189834361806
0.233,0.482397533085,0.188937836515
0.234,0.480759347295,0.187872166075
0.235,0.479089040216,0.187249684534
0.236,0.477547218296,0.186436009035
0.237,0.475748426057,0.185968018591
0.238,0.474045997687,0.185333333333
0.239,0.472439933188,0.184532113163
0.24,0.471026596428,0.183606006275
0.241,0.469099319029,0.182596451704
0.242,0.467589618399,0.181879877842
0.243,0.466208402929,0.181142143506
0.244,0.46434536811,0.180516739862
0.245,0.4627714249,0.179557694511
0.246,0.461068996531,0.178725608703
0.247,0.459398689451,0.178340268146
0.248,0.457728382372,0.177723605549
0.249,0.456058075292,0.177070583435
0.25,0.455094436593,0.176339938044
0.251,0.453456250803,0.175686780934
0.252,0.452139277913,0.17468175389
0.253,0.450147757934,0.174227170437
0.254,0.448156237955,0.173581760819
0.255,0.446775022485,0.173089562048
0.256,0.445104715405,0.172587614018
0.257,0.443402287036,0.172031344183
0.258,0.441892586406,0.171106805522
0.259,0.440768341257,0.170342020533
0.26,0.439355004497,0.169574234476
0.261,0.437716818707,0.168515907558
0.262,0.436303481948,0.16813288219
0.263,0.435179236798,0.167150355048
0.264,0.433830142619,0.16669765136
0.265,0.431967107799,0.166511048864
0.266,0.430457407169,0.165687132675
0.267,0.42888346396,0.165075976391
0.268,0.42743800591,0.164481149918
0.269,0.426024669151,0.164029869637
0.27,0.424257998201,0.163806254767
0.271,0.422941025312,0.163253588517
0.272,0.421688295002,0.162428745276
0.273,0.420242836952,0.161379576604
0.274,0.419150713093,0.160813428018
0.275,0.418090710523,0.159994817982
0.276,0.416581009893,0.15953433923
0.277,0.414878581524,0.159067154429
0.278,0.413304638314,0.159126671912
0.279,0.411634331235,0.158608878936
0.28,0.410542207375,0.158120787631
0.281,0.409225234485,0.157591032699
0.282,0.408004625466,0.156867967241
0.283,0.406398560966,0.156603142762
0.284,0.404920981627,0.156000268619
0.285,0.403025825517,0.155539053534
0.286,0.401901580367,0.154810298103
0.287,0.400488243608,0.154296210627
0.288,0.399267634588,0.154108654109
0.289,0.398303995888,0.153730321697
0.29,0.397211872029,0.153032488495
0.291,0.395766413979,0.152795973247
0.292,0.39412822819,0.152482515061
0.293,0.39319671078,0.152131648382
0.294,0.39187973789,0.151905790537
0.295,0.390530643711,0.151332820262
0.296,0.389213670821,0.151112983639
0.297,0.388217910831,0.15054596689
0.298,0.386997301812,0.149869156235
0.299,0.385873056662,0.149567191713
0.3,0.384491841192,0.14923778316
0.301,0.382628806373,0.14869994986
0.302,0.380573043813,0.148494886936
0.303,0.378870615444,0.148006079467
0.304,0.377714249004,0.147774308329
0.305,0.375883335475,0.147869857018
0.306,0.374630605165,0.147657393851
0.307,0.373153025826,0.147216707111
0.308,0.371803931646,0.146602658789
0.309,0.369748169086,0.145893719807
0.31,0.368591802647,0.145584725537
0.311,0.367531800077,0.144718125328
0.312,0.366375433637,0.144466982195
0.313,0.364897854298,0.14393539135
0.314,0.363645123988,0.143712121212
0.315,0.362328151099,0.143574144487
0.316,0.360722086599,0.143141001146
0.317,0.359565720159,0.142659917165
0.318,0.35844147501,0.142109314858
0.319,0.35664268277,0.141518928544
0.32,0.355229346011,0.141335613776
0.321,0.353880251831,0.141530779434
0.322,0.352081459591,0.140850596359
0.323,0.350539637672,0.1405597162
0.324,0.349672362842,0.140033209457
0.325,0.348676602852,0.139888977002
0.326,0.347520236413,0.13926268015
0.327,0.346492355133,0.138724628416
0.328,0.345079018373,0.138454129545
0.329,0.343697802904,0.138228419441
0.33,0.342477193884,0.137805470141
0.331,0.341128099704,0.137715307117
0.332,0.339971733265,0.137134932289
0.333,0.338783245535,0.136985179727
0.334,0.337594757805,0.136550476817
0.335,0.336502633946,0.136363636364
0.336,0.335314146216,0.135923134267
0.337,0.334254143646,0.135577722361
0.338,0.332808685597,0.13558190015
0.339,0.331491712707,0.135323216232
0.34,0.330078375948,0.135023584906
0.341,0.328729281768,0.134467292883
0.342,0.327508672748,0.134301732926
0.343,0.326223821149,0.13416922552
0.344,0.325195939869,0.134017971759
0.345,0.324264422459,0.133384866443
0.346,0.32272260054,0.132890078577
0.347,0.3215662341,0.132477891451
0.348,0.32063471669,0.132359335594
0.349,0.31967107799,0.13210016578
0.35,0.318418347681,0.132019272887
0.351,0.317454708981,0.132138464242
0.352,0.316298342541,0.131869101173
0.353,0.315109854812,0.131609246302
0.354,0.314146216112,0.131265552791
0.355,0.313150456122,0.131008650673
0.356,0.312058332263,0.130084214299
0.357,0.310901965823,0.130035971223
0.358,0.309584992933,0.129810298103
0.359,0.308107413594,0.129799400926
0.36,0.307175896184,0.129258517034
0.361,0.306051651034,0.129194477462
0.362,0.305152254915,0.128967161989
0.363,0.304381343955,0.128450496872
0.364,0.303546190415,0.127873695873
0.365,0.302711036875,0.128100703443
0.366,0.301618913016,0.127845396265
0.367,0.300719516896,0.127447324259
0.368,0.299787999486,0.126976700664
0.369,0.298663754336,0.126738068395
0.37,0.297860722087,0.126542919062
0.371,0.297089811127,0.126334687707
0.372,0.296222536297,0.125651967757
0.373,0.295387382757,0.125463711595
0.374,0.294552229218,0.125441190499
0.375,0.293556469228,0.124976058226
0.376,0.292432224078,0.12497596616
0.377,0.291661313118,0.124674573329
0.378,0.291018887319,0.123887814313
0.379,0.289830399589,0.123907554865
0.38,0.288995246049,0.123367764568
0.381,0.288095849929,0.123105505036
0.382,0.28716433252,0.123025605808
0.383,0.28623281511,0.122772472187
0.384,0.28523705512,0.121934335443
0.385,0.28427341642,0.121774513696
0.386,0.283181292561,0.121837019327
0.387,0.282153411281,0.121348539416
0.388,0.281639470641,0.121278941566
0.389,0.280772195811,0.120724346076
0.39,0.280097648722,0.120447896701
0.391,0.279326737762,0.120295426953
0.392,0.278652190672,0.120194745917
0.393,0.277977643582,0.120081342145
0.394,0.277303096492,0.119889897033
0.395,0.276243093923,0.120114589728
0.396,0.275311576513,0.120110871574
0.397,0.274540665553,0.120226453937
0.398,0.273737633303,0.120264271704
0.399,0.273159450084,0.119759859228
0.4,0.272613388154,0.119423116829
0.401,0.271553385584,0.119007919967
0.402,0.271039444944,0.118378434855
0.403,0.270043684954,0.118300996329
0.404,0.269176410125,0.117894736842
0.405,0.268020043685,0.117877154033
0.406,0.267409739175,0.117459980918
0.407,0.266381857895,0.117202469661
0.408,0.265514583066,0.116502778965
0.409,0.264615186946,0.11637884801
0.41,0.263683669536,0.116171403962
0.411,0.262655788256,0.1159044221
0.412,0.261660028267,0.115622625122
0.413,0.260856996017,0.115455832698
0.414,0.260021842477,0.115107127241
0.415,0.259443659257,0.114558210919
0.416,0.258769112168,0.114043769933
0.417,0.257933958628,0.113686534216
0.418,0.257066683798,0.113437465382
0.419,0.256424257998,0.113098544606
0.42,0.255396376718,0.113106525376
0.421,0.254721829629,0.112975391499
0.422,0.253918797379,0.112495789828
0.423,0.253372735449,0.112211592572
0.424,0.252762430939,0.112151641656
0.425,0.25170242837,0.111665344065
0.426,0.25102788128,0.110820343611
0.427,0.25016060645,0.110349554489
0.428,0.2490363613,0.110384394722
0.429,0.248104843891,0.110343238885
0.43,0.247398175511,0.11000693321
0.431,0.246530900681,0.109628770302
0.432,0.245792111011,0.109507738857
0.433,0.245117563921,0.109256449165
0.434,0.244378774252,0.109029160323
0.435,0.243543620712,0.108838740009
0.436,0.242901194912,0.108570081339
0.437,0.242194526532,0.108114502011
0.438,0.241519979442,0.107960612172
0.439,0.240877553643,0.107686815802
0.44,0.239978157523,0.107300752778
0.441,0.239367853013,0.106474820144
0.442,0.238725427213,0.106408560779
0.443,0.238179365283,0.10565673622
0.444,0.237793909803,0.105377643505
0.445,0.237055120134,0.10491206792
0.446,0.236284209174,0.104673807205
0.447,0.235577540794,0.104517704518
0.448,0.234742387254,0.104631217839
0.449,0.234067840164,0.104681164762
0.45,0.233329050495,0.104426088029
0.451,0.232526018245,0.104084158416
0.452,0.231883592445,0.103897715988
0.453,0.231241166645,0.104156296665
0.454,0.230662983425,0.104054897068
0.455,0.229988436336,0.103879849812
0.456,0.229346010536,0.103690685413
0.457,0.228575099576,0.103552532124
0.458,0.227804188616,0.103413400759
0.459,0.227097520236,0.103474511793
0.46,0.226583579597,0.103115066751
0.461,0.226069638957,0.103096724863
0.462,0.225459334447,0.102888548057
0.463,0.224913272517,0.102997694081
0.464,0.224238725427,0.102814548259
0.465,0.223499935757,0.1027724049
0.466,0.222889631248,0.102676839519
0.467,0.222247205448,0.102826763485
0.468,0.221540537068,0.102654176425
0.469,0.220769626108,0.102507182032
0.47,0.220223564178,0.102382822728
0.471,0.219934472568,0.102032786885
0.472,0.219259925479,0.101842105263
0.473,0.218585378389,0.102124290804
0.474,0.217846588719,0.10231634679
0.475,0.217429011949,0.101658925017
0.476,0.216882950019,0.101530272788
0.477,0.216401130669,0.101014144649
0.478,0.21585506874,0.100883061279
0.479,0.21540537068,0.100469483568
0.48,0.21463445972,0.100430802369
0.481,0.21376718489,0.100432549338
0.482,0.21306051651,0.10048820179
0.483,0.21257869716,0.100448552399
0.484,0.212064756521,0.100299809212
0.485,0.211615058461,0.0997540311561
0.486,0.211165360401,0.0996987126815
0.487,0.210779904921,0.0993686522097
0.488,0.210169600411,0.0992566079295
0.489,0.209784144931,0.0989238410596
0.49,0.209527174611,0.0989086890454
0.491,0.209109597841,0.0988372093023
0.492,0.208627778492,0.0987928402942
0.493,0.208178080432,0.0986091794159
0.494,0.207728382372,0.0984246479855
0.495,0.206861107542,0.0984180316394
0.496,0.206411409482,0.0984848484848
0.497,0.205961711422,0.0986786617936
0.498,0.205479892072,0.0986332253065
0.499,0.205126557883,0.0984046308062
0.5,0.204612617243,0.0978614927064
0.501,0.203616857253,0.0980364257257
0.502,0.202749582423,0.0978990996141
0.503,0.202010792753,0.0973159178987
0.504,0.201272003084,0.0971181556196
0.505,0.200693819864,0.0965876229034
0.506,0.200340485674,0.0967414916727
0.507,0.199698059874,0.0964976020927
0.508,0.199023512784,0.0963978416217
0.509,0.198573814724,0.0960666764147
0.51,0.198059874085,0.0956292167791
0.511,0.197513812155,0.0953361777255
0.512,0.197064114095,0.0951327433628
0.513,0.196678658615,0.0951677257278
0.514,0.196132596685,0.0952733738332
0.515,0.195425928305,0.095046854083
0.516,0.194719259925,0.0950888192268
0.517,0.194365925736,0.0947037701975
0.518,0.193627136066,0.0946230099129
0.519,0.193081074136,0.0941832429174
0.52,0.192695618656,0.0939435130645
0.521,0.192181678016,0.093896713615
0.522,0.191699858666,0.0938354084422
0.523,0.190864705127,0.0932397375248
0.524,0.190286521907,0.0932190417878
0.525,0.189708338687,0.093058968059
0.526,0.189033791597,0.093080597935
0.527,0.188519850957,0.0931705809642
0.528,0.187845303867,0.0924891371819
0.529,0.187427727098,0.0923938404106
0.53,0.186945907748,0.0919020127945
0.531,0.186431967108,0.0917057902973
0.532,0.185982269048,0.0916222152495
0.533,0.185436207118,0.0914384639597
0.534,0.184697417448,0.0910527979766
0.535,0.184054991648,0.0909090909091
0.536,0.183605293589,0.0905330151154
0.537,0.183091352949,0.0898930225132
0.538,0.182513169729,0.0897148349888
0.539,0.181806501349,0.0900321543408
0.54,0.181260439419,0.089691885788
0.541,0.180874983939,0.0892770499757
0.542,0.18032892201,0.0892277741726
0.543,0.17997558782,0.0886467143787
0.544,0.17959013234,0.0888200782269
0.545,0.17914043428,0.0890231950343
0.546,0.17885134267,0.0888561610211
0.547,0.17836952332,0.0887758450935
0.548,0.17801618913,0.0884868421053
0.549,0.17772709752,0.0886180200955
0.55,0.17721315688,0.0885511316702
0.551,0.176731337531,0.0881670533643
0.552,0.176281639471,0.0882206346569
0.553,0.175992547861,0.08759367194
0.554,0.175446485931,0.0876899949891
0.555,0.174900424001,0.0874811463047
0.556,0.174386483361,0.0872562205783
0.557,0.173808300141,0.0873671782763
0.558,0.173326480791,0.0871256978515
0.559,0.172941025312,0.0859083191851
0.56,0.172555569832,0.0854613551243
0.561,0.172137993062,0.0854948805461
0.562,0.171848901452,0.0851573187415
0.563,0.171334960812,0.085077186964
0.564,0.171045869202,0.084737023032
0.565,0.170692535012,0.0848975374548
0.566,0.170307079532,0.0847574659071
0.567,0.170050109212,0.0843998616396
0.568,0.169600411153,0.0844459857812
0.569,0.169182834383,0.0844776638276
0.57,0.168829500193,0.0844800557394
0.571,0.168411923423,0.084192139738
0.572,0.167962225363,0.0837567899071
0.573,0.167673133753,0.0835674157303
0.574,0.167384042143,0.0832160450387
0.575,0.166934344083,0.0832598341859
0.576,0.166613131183,0.0829207920792
0.577,0.166227675703,0.0824468085106
0.578,0.165842220224,0.0824595699307
0.579,0.165360400874,0.082516485475
0.58,0.165039187974,0.0826638100339
0.581,0.164814338944,0.082275084958
0.582,0.164204034434,0.0825556353195
0.583,0.163818578954,0.0825688073394
0.584,0.163465244764,0.0822362488729
0.585,0.162983425414,0.0821273516643
0.586,0.162726455094,0.0817473264455
0.587,0.162533727354,0.0816696914701
0.588,0.162084029295,0.0812090313183
0.589,0.161794937685,0.0813423308408
0.59,0.161248875755,0.0812591508053
0.591,0.161088269305,0.0808284457478
0.592,0.160638571245,0.0810363836825
0.593,0.160349479635,0.0811706239647
0.594,0.160060388025,0.0809664330505
0.595,0.159771296415,0.0805914972274
0.596,0.159450083515,0.0807407407407
0.597,0.158775536426,0.0805431547619
0.598,0.158614929976,0.0802756565468
0.599,0.158100989336,0.0803437967115
0.6,0.157844019016,0.0799475753604
0.601,0.157201593216,0.0795561406808
0.602,0.156527046126,0.079523989422
0.603,0.156141590646,0.0791816631938
0.604,0.155659771296,0.0792323769713
0.605,0.155242194527,0.0790777439024
0.606,0.154888860337,0.0787160871227
0.607,0.154246434537,0.0784878142391
0.608,0.153796736477,0.0785219399538
0.609,0.153250674547,0.0784237975662
0.61,0.152704612617,0.0785035859663
0.611,0.152351278427,0.0786713286713
0.612,0.151901580367,0.077628242637
0.613,0.151259154568,0.0777516647082
0.614,0.150841577798,0.0777690494894
0.615,0.150263394578,0.0776813880126
0.616,0.150038545548,0.077424451906
0.617,0.149717332648,0.077395091053
0.618,0.149235513298,0.0772591857001
0.619,0.149010664268,0.0771832106624
0.62,0.148496723628,0.0770612896786
0.621,0.148207632019,0.0770154030806
0.622,0.147725812669,0.0770620108368
0.623,0.147211872029,0.0769385699899
0.624,0.146665810099,0.0770163735597
0.625,0.146248233329,0.0768450932685
0.626,0.145798535269,0.0770638470923
0.627,0.145445201079,0.0770485120261
0.628,0.144899139149,0.0761826745853
0.629,0.14448156238,0.076386036961
0.63,0.14396762174,0.0762572135202
0.631,0.14364640884,0.0762239206775
0.632,0.1431324682,0.0760937176032
0.633,0.14271489143,0.0759151414309
0.634,0.14258640627,0.0759783513739
0.635,0.1421688295,0.0759916492693
0.636,0.1418476166,0.0755704416998
0.637,0.14126943338,0.0754677317637
0.638,0.140851856611,0.0754796542273
0.639,0.140627007581,0.0753959873284
0.64,0.140209430811,0.0752118644068
0.641,0.139888217911,0.0749787595582
0.642,0.139663368881,0.0746967439881
0.643,0.139117306951,0.0745726495726
0.644,0.138474881151,0.0744954916273
0.645,0.138025183091,0.0741219564749
0.646,0.137736091481,0.0738660907127
0.647,0.137350636002,0.0740580337809
0.648,0.136804574072,0.0733246301131
0.649,0.136451239882,0.0732984293194
0.65,0.135969420532,0.0725241016652
0.651,0.135616086342,0.0720879120879
0.652,0.135326994732,0.0720264317181
0.653,0.134973660542,0.0717914733819
0.654,0.134716690222,0.0717131474104
0.655,0.134363356032,0.0716822015091
0.656,0.134074264422,0.0709993322947
0.657,0.133688808943,0.0705672175078
0.658,0.133303353463,0.070548712206
0.659,0.133206989593,0.0703878054248
0.66,0.132757291533,0.0699819981998
0.661,0.132596685083,0.0694319206492
0.662,0.132403957343,0.0693158726575
0.663,0.132211229603,0.068778280543
0.664,0.131825774123,0.0685428960508
0.665,0.131504561223,0.0676383511729
0.666,0.131247590903,0.0673362246063
0.667,0.130990620583,0.0666056305791
0.668,0.130797892843,0.0654119807207
0.669,0.130637286393,0.0646274149034
0.67,0.130476679943,0.0642709053214
0.671,0.130187588334,0.0637560637561
0.672,0.129866375434,0.0636868920797
0.673,0.129416677374,0.0632411067194
0.674,0.129063343184,0.0634032634033
0.675,0.128517281254,0.0629976580796
0.676,0.128324553514,0.06308630394
0.677,0.128035461904,0.0629995298543
0.678,0.127810612874,0.0631033670826
0.679,0.127650006424,0.0629568497996
0.68,0.127328793524,0.0631056487828
0.681,0.127039701914,0.0627962085308
0.682,0.126782731595,0.0629154795821
0.683,0.126461518695,0.0630652070443
0.684,0.126300912245,0.0629170638704
0.685,0.125947578055,0.063082437276
0.686,0.125754850315,0.0629487793202
0.687,0.125497879995,0.0630695443645
0.688,0.125401516125,0.0626650660264
0.689,0.125176667095,0.0627705627706
0.69,0.124791211615,0.0620473201352
0.691,0.124566362585,0.0616985240745
0.692,0.124245149685,0.0618481688091
0.693,0.124116664525,0.0614525139665
0.694,0.123827572915,0.0611300535801
0.695,0.123570602595,0.0610202587259
0.696,0.123249389695,0.0611695620259
0.697,0.122896055506,0.0613346418057
0.698,0.122574842606,0.0612546125461
0.699,0.122382114866,0.0613451589061
0.7,0.122189387126,0.0612043435341
0.701,0.121803931646,0.0611537509284
0.702,0.121225748426,0.0602589641434
0.703,0.120647565206,0.0605302651326
0.704,0.120262109726,0.0604767879548
0.705,0.119651805216,0.0602926337033
0.706,0.119298471027,0.059746835443
0.707,0.118784530387,0.0587935861542
0.708,0.118270589747,0.058071117933
0.709,0.117788770397,0.0578108941418
0.71,0.117371193627,0.0572755417957
0.711,0.116985738147,0.0569653029518
0.712,0.116664525247,0.0566233766234
0.713,0.116118463317,0.0563821456539
0.714,0.115797250418,0.0560356114166
0.715,0.115476037518,0.0559348739496
0.716,0.115090582038,0.0553651463222
0.717,0.114673005268,0.054805401112
0.718,0.114191185918,0.0535143769968
0.719,0.113709366568,0.0534759358289
0.72,0.113388153668,0.0528575261605
0.721,0.113099062058,0.0527306967985
0.722,0.112745727868,0.0523758099352
0.723,0.112456636259,0.0525033829499
0.724,0.112167544649,0.0518598968232
0.725,0.111910574329,0.0517147523136
0.726,0.111621482719,0.0518417462483
0.727,0.111139663369,0.0515350877193
0.728,0.110850571759,0.0514018691589
0.729,0.110561480149,0.0512679162073
0.73,0.110304509829,0.0508568269762
0.731,0.109983296929,0.0504714364947
0.732,0.109565720159,0.0501253132832
0.733,0.109372992419,0.0494137353434
0.734,0.109019658229,0.049033342673
0.735,0.1087948092,0.0488626790227
0.736,0.10860208146,0.0489451476793
0.737,0.10821662598,0.0477671000565
0.738,0.10773480663,0.0474297074695
0.739,0.10728510857,0.0470756062767
0.74,0.10667480406,0.0473321858864
0.741,0.10635359116,0.0469199769718
0.742,0.10603237826,0.0465049104564
0.743,0.10561480149,0.046403712297
0.744,0.10538995246,0.0459435882524
0.745,0.105165103431,0.045202682998
0.746,0.104715405371,0.0453879941435
0.747,0.104362071181,0.0449735449735
0.748,0.103880251831,0.0443262411348
0.749,0.103430553771,0.0442267735233
0.75,0.102980855711,0.0435560859189
0.751,0.102627521521,0.0434131736527
0.752,0.102081459591,0.0430593194821
0.753,0.101856610561,0.0425724637681
0.754,0.101503276372,0.0418435415403
0.755,0.101085699602,0.0417174177832
0.756,0.100957214442,0.0414760597743
0.757,0.100700244122,0.0412844036697
0.758,0.100507516382,0.0410665032179
0.759,0.100122060902,0.0412180867425
0.76,0.099865090582,0.0407281703178
0.761,0.0996402415521,0.0402227722772
0.762,0.0991905434922,0.0403977625855
0.763,0.0989978157523,0.0404732254047
0.764,0.0988372093023,0.0399375975039
0.765,0.0985481176924,0.0400500625782
0.766,0.0982911473725,0.0401505646173
0.767,0.0980984196325,0.0402262727844
0.768,0.0977129641526,0.0403785488959
0.769,0.0974881151227,0.0401644528779
0.77,0.0972953873828,0.0399366085578
0.771,0.0970384170628,0.0397329942784
0.772,0.0967493254529,0.0389278876835
0.773,0.096492355133,0.0384122919334
0.774,0.0960747783631,0.0385728061716
0.775,0.0958499293332,0.0386597938144
0.776,0.0955608377232,0.0381506627869
0.777,0.0953038674033,0.0382495948136
0.778,0.0951111396634,0.0380116959064
0.779,0.0947899267635,0.0378219758722
0.78,0.0944687138635,0.0379456983971
0.781,0.0942438648336,0.0380327868852
0.782,0.0938905306437,0.0378538512179
0.783,0.0936014390338,0.03796632552
0.784,0.0934408325838,0.0380291005291
0.785,0.0931517409739,0.0381426202322
0.786,0.092959013234,0.0372588157019
0.787,0.092862649364,0.037296037296
0.788,0.0924771938841,0.0374456703444
0.789,0.0922202235642,0.0375460945357
0.79,0.0920274958242,0.0372983870968
0.791,0.0918668893743,0.037037037037
0.792,0.0915135551844,0.0365235035509
0.793,0.0913850700244,0.0362466124661
0.794,0.0911280997045,0.0360176690452
0.795,0.0908390080946,0.0361281526926
0.796,0.0906141590646,0.036214554151
0.797,0.0904535526147,0.0356164383562
0.798,0.0901644610048,0.0353951890034
0.799,0.0900038545548,0.0351239669421
0.8,0.0898753693948,0.0351724137931
0.801,0.089361428755,0.0353675450763
0.802,0.0890080945651,0.0351671309192
0.803,0.0884299113452,0.0347124824684
0.804,0.0877232429654,0.0349823321555
0.805,0.0871771810356,0.0348506401138
0.806,0.0866632403957,0.0347048300537
0.807,0.0859886933059,0.0346195456185
0.808,0.085538995246,0.0330428467683
0.809,0.0848965694462,0.032930845225
0.81,0.0844468713864,0.0331004045605
0.811,0.0839008094565,0.0325925925926
0.812,0.0834832326866,0.0316691505216
0.813,0.0829371707568,0.0315078769692
0.814,0.0824232301169,0.0316981132075
0.815,0.082037774637,0.031475161168
0.816,0.0816523191571,0.03125
0.817,0.0812668636772,0.0306513409962
0.818,0.0809135294873,0.0300346553716
0.819,0.0803353462675,0.030244280729
0.82,0.0796929204677,0.0301016419077
0.821,0.0791789798278,0.0299094844549
0.822,0.0787614030579,0.0289108910891
0.823,0.0783438262881,0.0286738351254
0.824,0.0778620069382,0.0288461538462
0.825,0.0773801875883,0.0290205562273
0.826,0.0768662469485,0.0284206252538
0.827,0.0763844275986,0.0281977932162
0.828,0.0757741230888,0.0272164948454
0.829,0.0753565463189,0.0265560165975
0.83,0.074874726969,0.0263157894737
0.831,0.0742323011692,0.0253057781527
0.832,0.0737826031093,0.0250424448217
0.833,0.0734613902094,0.0251491901108
0.834,0.0730438134395,0.02487135506
0.835,0.0724977515097,0.0250539956803
0.836,0.0720159321598,0.0252173913043
0.837,0.07146987023,0.0249780893953
0.838,0.0707632018502,0.0239255649092
0.839,0.0703777463703,0.0240534521158
0.84,0.0698316844404,0.0237988325101
0.841,0.0693819863806,0.0235081374322
0.842,0.0689965309007,0.0231923601637
0.843,0.0685147115508,0.0229042601924
0.844,0.0681934986509,0.0230096640589
0.845,0.067711679301,0.0231696014829
0.846,0.0671977386612,0.0224299065421
0.847,0.0666516767313,0.0221489161169
0.848,0.0662983425414,0.0222643297016
0.849,0.0659771296415,0.0219047619048
0.85,0.0654310677117,0.0220835333653
0.851,0.0649171270718,0.0217812197483
0.852,0.0644674290119,0.0219298245614
0.853,0.0639856096621,0.0206489675516
0.854,0.0636965180522,0.0197726149283
0.855,0.0634074264422,0.0188866799205
0.856,0.0629256070924,0.0190285428142
0.857,0.0625401516125,0.0176589303734
0.858,0.0620904535526,0.0172852058973
0.859,0.0614801490428,0.017453798768
0.86,0.0609983296929,0.0175892395241
0.861,0.0604201464731,0.0172413793103
0.862,0.0597777206733,0.0163847780127
0.863,0.0593922651934,0.0159659393294
0.864,0.0590068097135,0.0155412647374
0.865,0.0585249903636,0.0156672069152
0.866,0.0580110497238,0.0158038147139
0.867,0.0576898368238,0.0158904109589
0.868,0.057240138764,0.0160132523468
0.869,0.0567904407041,0.0161380077908
0.87,0.0562443787743,0.014631401238
0.871,0.0557946807144,0.0147475893364
0.872,0.0553128613645,0.0148741418764
0.873,0.0548631633046,0.0132871172733
0.874,0.0544455865348,0.0133876600698
0.875,0.0541886162148,0.0128730251609
0.876,0.053514069125,0.0130331753555
0.877,0.0528074007452,0.0132052821128
0.878,0.0523577026853,0.0133171912833
0.879,0.0518437620455,0.0128440366972
0.88,0.0514583065656,0.0123304562269
0.881,0.0511692149557,0.0123992560446
0.882,0.0507837594758,0.0112570356473
0.883,0.050109212386,0.0107799619531
0.884,0.0497558781961,0.0108556832695
0.885,0.0494667865861,0.0102827763496
0.886,0.0491134523962,0.010355987055
0.887,0.0485673904664,0.0104712041885
0.888,0.0481176924065,0.0105680317041
0.889,0.0475716304767,0.0100267379679
0.89,0.0470576898368,0.0101351351351
0.891,0.046479506617,0.00958247775496
0.892,0.0458370808172,0.00971547536433
0.893,0.0452267763073,0.0098452883263
0.894,0.0447770782475,0.0092395167022
0.895,0.0443595014776,0.00932568149211
0.896,0.0438776821277,0.00942712110225
0.897,0.0433958627778,0.00953079178886
0.898,0.0431388924579,0.00812407680945
0.899,0.0425928305281,0.00822737471952
0.9,0.0419825260182,0.00759301442673
0.901,0.0412437363485,0.00696055684455
0.902,0.0410188873185,0.00622568093385
0.903,0.0406013105486,0.00550747442958
0.904,0.0401194911988,0.00557324840764
0.905,0.0396376718489,0.00564061240935
0.906,0.0390916099191,0.00571895424837
0.907,0.0385776692792,0.00579470198675
0.908,0.0379994860594,0.00504625735913
0.909,0.0373891815495,0.00427715996578
0.91,0.0371322112296,0.00430663221361
0.911,0.0365219067198,0.00437828371278
0.912,0.03587948092,0.00445632798574
0.913,0.0354297828601,0.00451263537906
0.914,0.0345625080303,0.00462534690102
0.915,0.0339843248105,0.00470366886171
0.916,0.0336309906206,0.00475285171103
0.917,0.0332134138507,0.00481231953802
0.918,0.0327315945008,0.0048828125
0.919,0.032153411281,0.00497017892644
0.92,0.0315752280612,0.00506072874494
0.921,0.0309006809713,0.00517063081696
0.922,0.0305794680714,0.00522466039707
0.923,0.0300655274316,0.00531349628055
0.924,0.0296158293717,0.00539374325782
0.925,0.028748554542,0.00555555555556
0.926,0.0279455222922,0.00571428571429
0.927,0.0273030964924,0.00584795321637
0.928,0.0267570345625,0.00596658711217
0.929,0.0263715790826,0.00605326876513
0.93,0.0259861236027,0.00614250614251
0.931,0.0253758190929,0.0062893081761
0.932,0.0247012720031,0.00645994832041
0.933,0.0239303610433,0.00534045393858
0.934,0.0233842991135,0.00546448087432
0.935,0.0229346010536,0.00557103064067
0.936,0.0224527817037,0.0042735042735
0.937,0.021553385584,0.00445103857567
0.938,0.0210715662341,0.00455235204856
0.939,0.0203970191443,0.00470219435737
0.94,0.0197224720545,0.00486223662885
0.941,0.0191121675446,0.00501672240803
0.942,0.0184697417448,0.00519031141869
0.943,0.017827315945,0.00537634408602
0.944,0.0174097391751,0.00550458715596
0.945,0.0167994346653,0.00570342205323
0.946,0.0162212514455,0.00590551181102
0.947,0.0158357959656,0.00604838709677
0.948,0.0153218553257,0.00625
0.949,0.0148721572658,0.00643776824034
0.95,0.014133367596,0.00677200902935
0.951,0.0136515482462,0.00700934579439
0.952,0.0132339714763,0.00722891566265
0.953,0.0126557882565,0.00755667506297
0.954,0.0122382114866,0.0078125
0.955,0.0114673005268,0.00557103064067
0.956,0.0109533598869,0.00583090379009
0.957,0.0102788127971,0.00621118012422
0.958,0.00979699344726,0.00651465798046
0.959,0.00925093151741,0.00689655172414
0.96,0.00886547603752,0.00719424460432
0.961,0.00835153539766,0.00763358778626
0.962,0.00774123088783,0.0082304526749
0.963,0.00729153282796,0.00873362445415
0.964,0.00668122831813,0.00952380952381
0.965,0.00587819606835,0.0108108108108
0.966,0.00523577026853,0.00609756097561
0.967,0.00488243607863,0.00653594771242
0.968,0.00433637414879,0.00735294117647
0.969,0.00375819092895,0.00847457627119
0.97,0.00353334189901,0.00900900900901
0.971,0.00324425028909,0.00980392156863
0.972,0.00282667351921,0.0112359550562
0.973,0.00253758190929,0.0
0.974,0.0021521264294,0.0
0.975,0.00192727739946,0.0
0.976,0.0017987922395,0.0
0.977,0.00150970062958,0.0
0.978,0.00131697288963,0.0
0.979,0.0010600025697,0.0
0.98,0.000899396119748,0.0
0.981,0.000738789669793,0.0
0.982,0.000546061929847,0.0
0.983,0.000513940639856,0.0
0.984,0.00032121289991,0.0
0.985,0.000224849029937,0.0
0.986,0.000192727739946,0.0
0.987,0.000160606449955,0.0
0.988,9.6363869973e-05,0.0
0.989,9.6363869973e-05,0.0
