Confidence,TPR,FPR
0,0.67952588976,0.741848714146
0.001,0.67952588976,0.741848714146
0.002,0.67737376333,0.690881362586
0.003,0.675703456251,0.660369200067
0.004,0.674386483361,0.638884459328
0.005,0.672973146602,0.622855977303
0.006,0.671913144032,0.607699588557
0.007,0.670628292432,0.595231915021
0.008,0.669439804703,0.584156991678
0.009,0.668636772453,0.573577501635
0.01,0.667833740203,0.564879079191
0.011,0.666837980213,0.557229775737
0.012,0.666067069254,0.550025700047
0.013,0.665328279584,0.543179030573
0.014,0.664685853784,0.537178660278
0.015,0.663914942824,0.532058754955
0.016,0.663304638314,0.527110209665
0.017,0.662822818964,0.522242883708
0.018,0.661955544135,0.51752482885
0.019,0.661313118335,0.513325382724
0.02,0.660285237055,0.509905000368
0.021,0.659546447385,0.505393141412
0.022,0.658839779006,0.501139066216
0.023,0.658068868046,0.497614780787
0.024,0.657330078376,0.493774665818
0.025,0.656398560966,0.490544250853
0.026,0.655884620326,0.486979234012
0.027,0.655370679686,0.483358961662
0.028,0.654696132597,0.480019953791
0.029,0.654053706797,0.476975945017
0.03,0.653122189387,0.474228998696
0.031,0.652511884877,0.47127975792
0.032,0.651901580367,0.468661620923
0.033,0.651548246178,0.465837667967
0.034,0.651130669408,0.463354849252
0.035,0.650456122318,0.460744028052
0.036,0.649974302968,0.458603985467
0.037,0.649331877168,0.456275762857
0.038,0.648785815238,0.454072838477
0.039,0.648368238468,0.451493893066
0.04,0.647822176539,0.449251761799
0.041,0.647243993319,0.447002398082
0.042,0.646794295259,0.445177736864
0.043,0.646151869459,0.443072194872
0.044,0.645670050109,0.441040297228
0.045,0.645188230759,0.439248314446
0.046,0.644738532699,0.437056890887
0.047,0.64425671335,0.435250549705
0.048,0.64396762174,0.432951639154
0.049,0.64342155981,0.430781806504
0.05,0.64297186175,0.428990094367
0.051,0.64232943595,0.427061870842
0.052,0.64143003983,0.425447022314
0.053,0.640723371451,0.423264239473
0.054,0.640080945651,0.421427719466
0.055,0.639695490171,0.419753455808
0.056,0.639053064371,0.417818509615
0.057,0.638507002441,0.416116288187
0.058,0.637800334061,0.41439341185
0.059,0.637382757292,0.412867166854
0.06,0.636836695362,0.411223214558
0.061,0.636194269562,0.409390016221
0.062,0.635487601182,0.407645269336
0.063,0.635102145702,0.406164278009
0.064,0.634620326352,0.404589596091
0.065,0.633977900552,0.403109676618
0.066,0.633496081203,0.401277258567
0.067,0.633014261853,0.399793743554
0.068,0.632693048953,0.398206784124
0.069,0.632339714763,0.396546844042
0.07,0.631697288963,0.394981852612
0.071,0.631247590903,0.393414595536
0.072,0.630797892843,0.392132584056
0.073,0.630123345754,0.390866823769
0.074,0.629802132854,0.389422923386
0.075,0.629416677374,0.388159579918
0.076,0.628645766414,0.386598103808
0.077,0.628163947064,0.385106382979
0.078,0.627650006424,0.383981382721
0.079,0.626911216754,0.382955281918
0.08,0.626525761275,0.381507962301
0.081,0.626011820635,0.380109524741
0.082,0.625594243865,0.378962159336
0.083,0.625080303225,0.377560719788
0.084,0.624469998715,0.376072873163
0.085,0.624020300655,0.374525781018
0.086,0.623506360015,0.373416674935
0.087,0.622831812926,0.372018181215
0.088,0.622253629706,0.370959159239
0.089,0.621579082616,0.369692117816
0.09,0.620968778106,0.368528428094
0.091,0.620390594886,0.36736199611
0.092,0.619973018116,0.366532258065
0.093,0.619202107157,0.365251095383
0.094,0.618495438777,0.364115738237
0.095,0.617788770397,0.363100281289
0.096,0.617339072337,0.362148024863
0.097,0.616760889117,0.360939894432
0.098,0.616086342027,0.359789624671
0.099,0.615572401388,0.358644299897
0.1,0.614801490428,0.357748412562
0.101,0.614191185918,0.356811065616
0.102,0.613613002698,0.355456616277
0.103,0.612585121418,0.354224376731
0.104,0.612039059489,0.352806335093
0.105,0.611300269819,0.351391840574
0.106,0.610754207889,0.349896914421
0.107,0.610015418219,0.348262196191
0.108,0.609019658229,0.347018469657
0.109,0.60812026211,0.346022226142
0.11,0.60731722986,0.344695762982
0.111,0.60651419761,0.343546955441
0.112,0.6059038931,0.342246750935
0.113,0.605068739561,0.341072257742
0.114,0.604329949891,0.339605060388
0.115,0.603526917641,0.338651717694
0.116,0.602627521521,0.337610380249
0.117,0.601952974431,0.336142051208
0.118,0.601021457022,0.334772982978
0.119,0.600218424772,0.333830646629
0.12,0.599158422202,0.332944053137
0.121,0.598580238982,0.331845455876
0.122,0.597680842863,0.330396152293
0.123,0.597038417063,0.329592287312
0.124,0.596042657073,0.328273875471
0.125,0.595239624823,0.326562384165
0.126,0.594115379674,0.325285517652
0.127,0.593440832584,0.323929997388
0.128,0.592509315174,0.322638613305
0.129,0.591545676474,0.321376253615
0.13,0.590710522935,0.320158251696
0.131,0.589779005525,0.318584070796
0.132,0.588719002955,0.3172398087
0.133,0.587723242965,0.316044023002
0.134,0.586920210716,0.314884840151
0.135,0.585538995246,0.313796143673
0.136,0.584639599126,0.312603361409
0.137,0.583579596557,0.311373547914
0.138,0.582744443017,0.310157943636
0.139,0.581941410767,0.309018207229
0.14,0.580881408197,0.308192508372
0.141,0.580110497238,0.306986370914
0.142,0.579307464988,0.305645888023
0.143,0.578504432738,0.304515267026
0.144,0.577701400488,0.303503172164
0.145,0.576577155339,0.302541602435
0.146,0.575709880509,0.30158163872
0.147,0.574521392779,0.300727663128
0.148,0.573365026339,0.299644894865
0.149,0.57230502377,0.298570799472
0.15,0.57137350636,0.297180043384
0.151,0.57021713992,0.296029026406
0.152,0.569092894771,0.294879055093
0.153,0.568065013491,0.29399115511
0.154,0.566812283181,0.292766373412
0.155,0.565688038032,0.291617280419
0.156,0.564660156752,0.290196882691
0.157,0.563825003212,0.288970255482
0.158,0.562893485802,0.287842522285
0.159,0.562122574843,0.286666114882
0.16,0.560837723243,0.285607476636
0.161,0.559713478093,0.284827528745
0.162,0.558717718104,0.283708099975
0.163,0.557625594244,0.282514784213
0.164,0.556694076834,0.281507656066
0.165,0.555730438134,0.280160405234
0.166,0.554574071695,0.279541222279
0.167,0.553674675575,0.278393410606
0.168,0.552614673005,0.277188498403
0.169,0.551843762045,0.276078598889
0.17,0.550848002056,0.274982859102
0.171,0.549980727226,0.274118000945
0.172,0.549113452396,0.273216979099
0.173,0.548181934987,0.272511234013
0.174,0.547025568547,0.271525188589
0.175,0.545547989207,0.270698281488
0.176,0.544423744058,0.269571671833
0.177,0.543363741488,0.268349327374
0.178,0.542143132468,0.267434702313
0.179,0.541147372478,0.266301950057
0.18,0.539701914429,0.265148830617
0.181,0.538641911859,0.26419873789
0.182,0.53742130284,0.263474655611
0.183,0.53636130027,0.262336151747
0.184,0.53539766157,0.26139626705
0.185,0.53449826545,0.260360887369
0.186,0.533534626751,0.25902009483
0.187,0.532667351921,0.258105415686
0.188,0.531125530001,0.25717273678
0.189,0.530065527432,0.256316701633
0.19,0.528812797122,0.255116523969
0.191,0.527656430682,0.254032443362
0.192,0.526885519722,0.25291488087
0.193,0.525761274573,0.251792239027
0.194,0.524637029423,0.250742528309
0.195,0.522998843634,0.249755278982
0.196,0.521874598484,0.248783910196
0.197,0.521007323654,0.24754890463
0.198,0.519658229474,0.24651535129
0.199,0.518373377875,0.245687821937
0.2,0.516992162405,0.244853429466
0.201,0.515064885006,0.244715292325
0.202,0.513619426956,0.243726399312
0.203,0.512334575357,0.242684447856
0.204,0.510921238597,0.241387617442
0.205,0.509604265707,0.240558967168
0.206,0.508030322498,0.240013590254
0.207,0.506488500578,0.238947111869
0.208,0.504882436079,0.237558777429
0.209,0.503533341899,0.236714025859
0.21,0.501959398689,0.23583135861
0.211,0.50016060645,0.235089980665
0.212,0.49823332905,0.234488596753
0.213,0.497044841321,0.2336098341
0.214,0.495470898111,0.232364311894
0.215,0.494025440062,0.231129934957
0.216,0.492483618142,0.230278481013
0.217,0.491038160093,0.229490698384
0.218,0.489560580753,0.228574345363
0.219,0.488243607863,0.227517294389
0.22,0.486444815624,0.226582213296
0.221,0.484774508544,0.225859839669
0.222,0.483650263395,0.224691101651
0.223,0.482493896955,0.223606044815
0.224,0.480823589875,0.222588752749
0.225,0.478896312476,0.221871548051
0.226,0.477322369266,0.220836855452
0.227,0.475619940897,0.219655941383
0.228,0.474335089297,0.218603411514
0.229,0.472953873828,0.217768263313
0.23,0.471765386098,0.216622790523
0.231,0.470512655788,0.215849056604
0.232,0.468810227419,0.215275522356
0.233,0.467075677759,0.214336215805
0.234,0.46556597713,0.213165801694
0.235,0.46399203392,0.21248696988
0.236,0.462450212001,0.211778965346
0.237,0.460779904921,0.211199026172
0.238,0.459173840421,0.2105
0.239,0.457792624952,0.209419117237
0.24,0.456443530772,0.208482743165
0.241,0.454708981113,0.207265558997
0.242,0.453295644353,0.206481167289
0.243,0.452203520493,0.20538147139
0.244,0.450501092124,0.20458563851
0.245,0.449023512784,0.203563653031
0.246,0.447513812155,0.202498129281
0.247,0.445939868945,0.202034211743
0.248,0.444333804446,0.201404608509
0.249,0.442824103816,0.200559538381
0.25,0.441892586406,0.199836343445
0.251,0.440447128357,0.198931674102
0.252,0.439226519337,0.19790193305
0.253,0.437395605808,0.197264005685
0.254,0.435468328408,0.19661884636
0.255,0.434119234228,0.196152237558
0.256,0.432770140049,0.195151224196
0.257,0.431131954259,0.194575045208
0.258,0.4297186175,0.19356987164
0.259,0.42862649364,0.192819391289
0.26,0.42730952075,0.19202147127
0.261,0.425831941411,0.190829399865
0.262,0.424675574971,0.190095355275
0.263,0.423711936271,0.188885458475
0.264,0.422523448542,0.188262998079
0.265,0.420788898882,0.187924058512
0.266,0.419439804703,0.186945104414
0.267,0.417962225363,0.186299133492
0.268,0.416581009893,0.185663850712
0.269,0.415392522164,0.184850018985
0.27,0.413722215084,0.18452834986
0.271,0.412630091224,0.18360446571
0.272,0.411473724785,0.182668289246
0.273,0.410124630605,0.181519850717
0.274,0.409193113195,0.180697224015
0.275,0.408197353206,0.179816038347
0.276,0.406848259026,0.179110301769
0.277,0.405242194527,0.178534099817
0.278,0.403732493897,0.178533962759
0.279,0.402126429397,0.17797391648
0.28,0.401066426828,0.17748116823
0.281,0.399845817808,0.176825628441
0.282,0.398721572658,0.175977095679
0.283,0.397243993319,0.175526579739
0.284,0.395830656559,0.174870727285
0.285,0.39406398561,0.174238844258
0.286,0.39297186175,0.173509485095
0.287,0.39168701015,0.172800870808
0.288,0.390562765001,0.172467922468
0.289,0.389599126301,0.172142368241
0.29,0.388539123731,0.171440346178
0.291,0.387157908262,0.171137006137
0.292,0.385648207632,0.170625302957
0.293,0.384716690222,0.170323566171
0.294,0.383496081203,0.169953313358
0.295,0.382243350893,0.16924368572
0.296,0.381086984453,0.168738150411
0.297,0.380155467044,0.168087354702
0.298,0.379063343184,0.167197114365
0.299,0.378003340614,0.166808571023
0.3,0.376814852884,0.16612052999
0.301,0.375048181935,0.165460926868
0.302,0.373088783246,0.165130347112
0.303,0.371514840036,0.164507490772
0.304,0.370390594886,0.164258223804
0.305,0.368656045227,0.164210679895
0.306,0.367499678787,0.16383601757
0.307,0.366182705897,0.163100227958
0.308,0.364897854298,0.162407680945
0.309,0.362970576898,0.161501300632
0.31,0.361942695619,0.160948687351
0.311,0.360979056919,0.159916148836
0.312,0.359822690479,0.159717526857
0.313,0.35837723243,0.159181825043
0.314,0.3571887447,0.158863636364
0.315,0.35593601439,0.158631178707
0.316,0.354329949891,0.158272831486
0.317,0.353205704741,0.157769596564
0.318,0.352113580881,0.15727482679
0.319,0.350507516382,0.156305643725
0.32,0.349126300912,0.15610666252
0.321,0.347873570603,0.156120777093
0.322,0.346171142233,0.15528876334
0.323,0.344661441603,0.154986204178
0.324,0.343858409354,0.15434490393
0.325,0.342926891944,0.15408406027
0.326,0.341834768084,0.15335615893
0.327,0.340871129385,0.152708965958
0.328,0.339457792625,0.152500200658
0.329,0.338172941025,0.152091561215
0.33,0.336984453296,0.151642660625
0.331,0.335731722986,0.151364965876
0.332,0.334575356546,0.15084026758
0.333,0.333418990107,0.15065913371
0.334,0.332262623667,0.150197303519
0.335,0.331170499807,0.150057746246
0.336,0.330046254658,0.149507164748
0.337,0.329018373378,0.149127182045
0.338,0.327605036618,0.149106695609
0.339,0.326384427599,0.148654313742
0.34,0.325067454709,0.148163746631
0.341,0.323750481819,0.147583989168
0.342,0.32259411538,0.147298674822
0.343,0.32130926378,0.147219379052
0.344,0.3202813825,0.147111681643
0.345,0.319349865091,0.146525809499
0.346,0.317808043171,0.146101372938
0.347,0.316715919311,0.145569620253
0.348,0.315784401902,0.145490912253
0.349,0.314852884492,0.145188028968
0.35,0.313728639342,0.144809461235
0.351,0.312797121932,0.14487787735
0.352,0.311704998073,0.144482667372
0.353,0.310516510343,0.144274200691
0.354,0.309617114223,0.143796658372
0.355,0.308717718104,0.143315794167
0.356,0.307689836824,0.142268410679
0.357,0.306565591674,0.142176258993
0.358,0.305248618785,0.142005420054
0.359,0.303867403315,0.141780884088
0.36,0.303000128485,0.141100382583
0.361,0.301940125915,0.140897869617
0.362,0.301072851086,0.14061640066
0.363,0.300301940126,0.14013617961
0.364,0.299466786586,0.13959929831
0.365,0.298663754336,0.139763050722
0.366,0.297603751767,0.139459258571
0.367,0.296800719517,0.1388215551
0.368,0.295869202107,0.138392439412
0.369,0.294777078247,0.138105975197
0.37,0.294006167288,0.137849806841
0.371,0.293267377618,0.137579136351
0.372,0.292432224078,0.136842105263
0.373,0.291661313118,0.136497669552
0.374,0.290826159579,0.136506725174
0.375,0.289894642169,0.135893506991
0.376,0.288802518309,0.13583926168
0.377,0.288063728639,0.135473917655
0.378,0.28748554542,0.134526112186
0.379,0.28629705769,0.134589240629
0.38,0.28546190415,0.134086922627
0.381,0.28459462932,0.133763567028
0.382,0.283663111911,0.133719219072
0.383,0.282827958371,0.133208624594
0.384,0.281864319671,0.132318037975
0.385,0.280932802261,0.132096069869
0.386,0.279904920982,0.131998406057
0.387,0.278877039702,0.131552621048
0.388,0.278363099062,0.131502455648
0.389,0.277527945522,0.130885311871
0.39,0.276885519722,0.130535660244
0.391,0.276146730053,0.130311614731
0.392,0.275472182963,0.130236332285
0.393,0.274797635873,0.130147432639
0.394,0.274123088783,0.129982668977
0.395,0.273063086214,0.130243503172
0.396,0.272131568804,0.130274099168
0.397,0.271392779134,0.130313947504
0.398,0.270653989464,0.130174460617
0.399,0.270075806244,0.129696718766
0.4,0.269529744315,0.129383689562
0.401,0.268501863035,0.128907878283
0.402,0.267987922395,0.128304252429
0.403,0.266992162405,0.12826428946
0.404,0.266124887575,0.127894736842
0.405,0.264968521136,0.127920498996
0.406,0.264358216626,0.127531008163
0.407,0.263394577926,0.127102405791
0.408,0.262527303096,0.126442924327
0.409,0.261627906977,0.12635417784
0.41,0.260696389567,0.126184323859
0.411,0.259732750867,0.125743323603
0.412,0.258769112168,0.125393551189
0.413,0.257966079918,0.125258686418
0.414,0.257130926378,0.124945343244
0.415,0.256552743158,0.124424468318
0.416,0.255878196068,0.123941493457
0.417,0.255075163819,0.123509933775
0.418,0.254240010279,0.123185997563
0.419,0.253629705769,0.122764137318
0.42,0.252666067069,0.122587841606
0.421,0.252055762559,0.12225950783
0.422,0.25125273031,0.121814303357
0.423,0.25070666838,0.121553179516
0.424,0.25009636387,0.121516416563
0.425,0.24910060388,0.12084797642
0.426,0.24845817808,0.119922630561
0.427,0.247590903251,0.11948823395
0.428,0.246466658101,0.119563970166
0.429,0.245535140691,0.119557705598
0.43,0.244860593601,0.11913565981
0.431,0.244089682642,0.118445475638
0.432,0.243383014262,0.118235773304
0.433,0.242708467172,0.118010972336
0.434,0.242001798792,0.117695280478
0.435,0.241166645252,0.117536436295
0.436,0.240556340743,0.117175527526
0.437,0.239849672363,0.116749467708
0.438,0.239207246563,0.116502550718
0.439,0.238596942053,0.116135173727
0.44,0.237729667223,0.115664953997
0.441,0.237151484004,0.114748201439
0.442,0.236509058204,0.11470482145
0.443,0.235962996274,0.113979013388
0.444,0.235577540794,0.113716012085
0.445,0.234870872414,0.1131594906
0.446,0.234099961454,0.112950340798
0.447,0.233425414365,0.112698412698
0.448,0.232622382115,0.112717471208
0.449,0.231947835025,0.112790269075
0.45,0.231209045355,0.112563185797
0.451,0.230406013105,0.112252475248
0.452,0.229795708596,0.111966236346
0.453,0.229153282796,0.112244897959
0.454,0.228575099576,0.112164691204
0.455,0.227900552486,0.112015018773
0.456,0.227258126686,0.111850364047
0.457,0.226487215727,0.111740992693
0.458,0.225748426057,0.111504424779
0.459,0.225041757677,0.111590159777
0.46,0.224527817037,0.11125238398
0.461,0.224045997687,0.111125270804
0.462,0.223435693177,0.110940695297
0.463,0.222889631248,0.111068408916
0.464,0.222215084158,0.110911193934
0.465,0.221476294488,0.110896196003
0.466,0.220865989978,0.110823742403
0.467,0.220255685468,0.110866182573
0.468,0.219549017089,0.110720791049
0.469,0.218778106129,0.110603290676
0.47,0.218232044199,0.110500130924
0.471,0.217975073879,0.110032786885
0.472,0.217332648079,0.109736842105
0.473,0.216690222279,0.109908958966
0.474,0.21595143261,0.11012574454
0.475,0.21553385584,0.109489051095
0.476,0.21498779391,0.109381237525
0.477,0.21450597456,0.108887109688
0.478,0.21395991263,0.108777093926
0.479,0.21354233586,0.108249496982
0.48,0.2127714249,0.108239095315
0.481,0.211904150071,0.108272506083
0.482,0.211229602981,0.108218063466
0.483,0.210779904921,0.108060350686
0.484,0.210265964281,0.107931316435
0.485,0.209816266221,0.10740639519
0.486,0.209366568161,0.107367844426
0.487,0.208981112681,0.107054625309
0.488,0.208370808172,0.106965859031
0.489,0.207985352692,0.106650110375
0.49,0.207728382372,0.106644564166
0.491,0.207310805602,0.106589147287
0.492,0.206828986252,0.106563063688
0.493,0.206379288192,0.106397774687
0.494,0.205929590132,0.106231702217
0.495,0.205062315303,0.106257874843
0.496,0.204612617243,0.106341189675
0.497,0.204162919183,0.106550463874
0.498,0.203681099833,0.106523883331
0.499,0.203359886933,0.106169702104
0.5,0.202878067583,0.105509134683
0.501,0.201978671463,0.105293113261
0.502,0.201111396634,0.105187937688
0.503,0.200372606964,0.104636141811
0.504,0.199633817294,0.10446685879
0.505,0.199087755364,0.103817235396
0.506,0.198734421174,0.103982621289
0.507,0.198091995375,0.103763987792
0.508,0.197417448285,0.103689660201
0.509,0.196967750225,0.103377686796
0.51,0.196453809585,0.102962745673
0.511,0.195939868945,0.102545240547
0.512,0.195490170885,0.102359882006
0.513,0.195104715405,0.102408748338
0.514,0.194558653476,0.102533708698
0.515,0.193916227676,0.102037780753
0.516,0.193209559296,0.10210479176
0.517,0.192856225106,0.101735487732
0.518,0.192149556726,0.101531991589
0.519,0.191603494796,0.101115129596
0.52,0.191218039316,0.100891104063
0.521,0.190736219967,0.100711797668
0.522,0.190254400617,0.100668083814
0.523,0.189483489657,0.0998016175797
0.524,0.188937427727,0.0996479412215
0.525,0.188391365797,0.099355036855
0.526,0.187716818707,0.0993989828941
0.527,0.187202878068,0.0995055624227
0.528,0.186528330978,0.098851644941
0.529,0.186110754208,0.0987711930316
0.53,0.185628934858,0.0982992666563
0.531,0.185114994218,0.0981220657277
0.532,0.184665296158,0.0980545967995
0.533,0.184119234228,0.0978910922254
0.534,0.183380444559,0.0975339867215
0.535,0.182738018759,0.0974139298747
0.536,0.182288320699,0.0970564836913
0.537,0.181806501349,0.0962797381447
0.538,0.181228318129,0.096123037488
0.539,0.180521649749,0.096463022508
0.54,0.17997558782,0.0961445394418
0.541,0.17959013234,0.0957464014233
0.542,0.17904407041,0.0957170668397
0.543,0.17869073622,0.0951528952505
0.544,0.17833740203,0.0951760104302
0.545,0.17788770397,0.0953936622019
0.546,0.17759861236,0.0952380952381
0.547,0.17711679301,0.0951755825402
0.548,0.176763458821,0.0949013157895
0.549,0.176474367211,0.0950420029649
0.55,0.175960426571,0.0949942177433
0.551,0.175478607221,0.0946304275771
0.552,0.175028909161,0.0947001162984
0.553,0.174739817551,0.0940882597835
0.554,0.174193755621,0.0942041089026
0.555,0.173647693691,0.0940170940171
0.556,0.173133753052,0.0938130464022
0.557,0.172587691122,0.0937763535166
0.558,0.172137993062,0.0933852140078
0.559,0.171752537582,0.0921901528014
0.56,0.171367082102,0.0917602996255
0.561,0.170949505332,0.0918088737201
0.562,0.170660413722,0.0914842681259
0.563,0.170178594372,0.0912521440823
0.564,0.169921624052,0.0907528360261
0.565,0.169568289863,0.0909247459962
0.566,0.169182834383,0.0907992404626
0.567,0.168925864063,0.0904531304047
0.568,0.168476166003,0.090514999133
0.569,0.168058589233,0.090561446202
0.57,0.167705255043,0.0905765546072
0.571,0.167287678273,0.0903056768559
0.572,0.166870101503,0.0897143858419
0.573,0.166581009893,0.0895365168539
0.574,0.166291918283,0.0891977480647
0.575,0.165874341514,0.0890809666608
0.576,0.165553128614,0.0887553041018
0.577,0.165167673134,0.0882978723404
0.578,0.164782217654,0.0883241514128
0.579,0.164300398304,0.0883977900552
0.58,0.163979185404,0.0885556150687
0.581,0.163754336374,0.0881774280093
0.582,0.163176153154,0.0882986360373
0.583,0.162790697674,0.0883252383522
0.584,0.162437363485,0.088007213706
0.585,0.161987665425,0.0877351664255
0.586,0.161730695105,0.0873663222766
0.587,0.161537967365,0.0872958257713
0.588,0.161088269305,0.086853605244
0.589,0.160799177695,0.0869961699799
0.59,0.160253115765,0.0869326500732
0.591,0.160092509315,0.0865102639296
0.592,0.159642811255,0.0867328188166
0.593,0.159353719645,0.0868764954905
0.594,0.159064628035,0.0866838804869
0.595,0.158775536426,0.0863216266174
0.596,0.158454323526,0.0864814814815
0.597,0.157779776436,0.0863095238095
0.598,0.157619169986,0.0860495436767
0.599,0.157105229346,0.0861360239163
0.6,0.156848259026,0.0857517318854
0.601,0.156205833226,0.0853864961444
0.602,0.155531286136,0.0853796751039
0.603,0.155145830657,0.0850539874976
0.604,0.154664011307,0.0851225536766
0.605,0.154246434537,0.0849847560976
0.606,0.153893100347,0.0846388995032
0.607,0.153314917127,0.084052964882
0.608,0.152865219067,0.0841031562741
0.609,0.152319157137,0.0840254973923
0.61,0.151773095208,0.0841248303935
0.611,0.151419761018,0.0843045843046
0.612,0.150970062958,0.0832845718744
0.613,0.150359758448,0.0832354093224
0.614,0.149942181678,0.0832678711705
0.615,0.149363998458,0.0832018927445
0.616,0.149139149428,0.0829547698993
0.617,0.148817936528,0.0829374505146
0.618,0.148336117178,0.0828202581927
0.619,0.148111268149,0.0827531330814
0.62,0.147597327509,0.08265122779
0.621,0.147308235899,0.0826165233047
0.622,0.146826416549,0.0826811157937
0.623,0.146312475909,0.0825780463243
0.624,0.145766413979,0.0826763695169
0.625,0.145348837209,0.0825223033252
0.626,0.144899139149,0.0827572183815
0.627,0.14457792625,0.0825519771708
0.628,0.14403186432,0.0817120622568
0.629,0.14361428755,0.0819301848049
0.63,0.14310034691,0.0818219291014
0.631,0.1428112553,0.0815947118364
0.632,0.14232943595,0.0812772133527
0.633,0.14191185918,0.0811148086522
0.634,0.14178337402,0.0811823480433
0.635,0.14136579725,0.0812108559499
0.636,0.141044584351,0.0808038517898
0.637,0.140466401131,0.0807231448392
0.638,0.140048824361,0.0807505798018
0.639,0.139856096621,0.080464625132
0.64,0.139438519851,0.0802966101695
0.641,0.139117306951,0.0800764655905
0.642,0.138924579211,0.079591402426
0.643,0.138378517281,0.0794871794872
0.644,0.137736091481,0.0794332331473
0.645,0.137286393422,0.0790777849601
0.646,0.136997301812,0.0788336933045
0.647,0.136611846332,0.0790385448246
0.648,0.136097905692,0.0781114012185
0.649,0.135744571502,0.0780977312391
0.65,0.135262752152,0.0773444347064
0.651,0.134909417962,0.0769230769231
0.652,0.134620326352,0.076872246696
0.653,0.134266992162,0.0766512038878
0.654,0.134010021842,0.0765825586543
0.655,0.133656687653,0.0765645805593
0.656,0.133367596043,0.0758958379702
0.657,0.132982140563,0.0754801250558
0.658,0.132596685083,0.0754759238522
0.659,0.132500321213,0.0753194351042
0.66,0.132050623153,0.0749324932493
0.661,0.131890016703,0.0743913435528
0.662,0.131697288963,0.0742831338903
0.663,0.131504561223,0.0737556561086
0.664,0.131119105743,0.0735360871539
0.665,0.130862135423,0.0721931222956
0.666,0.130605165103,0.0719013923762
0.667,0.130348194784,0.0711833371481
0.668,0.130155467044,0.0700022951572
0.669,0.129994860594,0.0692272309108
0.67,0.129834254144,0.0688781386777
0.671,0.129545162534,0.0683760683761
0.672,0.129223949634,0.0683186660491
0.673,0.128774251574,0.0678911880958
0.674,0.128420917384,0.0680652680653
0.675,0.127906976744,0.0674473067916
0.676,0.127714249004,0.0675422138837
0.677,0.127425157394,0.0674659144335
0.678,0.127200308364,0.0675771132564
0.679,0.127039701914,0.0674369252535
0.68,0.126718489015,0.0675963129284
0.681,0.126429397405,0.0672985781991
0.682,0.126172427085,0.0674264007597
0.683,0.125851214185,0.0675868633984
0.684,0.125690607735,0.0674451858913
0.685,0.125337273545,0.0676224611708
0.686,0.125144545805,0.0674964097654
0.687,0.124919696775,0.0673860911271
0.688,0.124823332905,0.0669867947179
0.689,0.124598483875,0.0670995670996
0.69,0.124213028395,0.0663930468373
0.691,0.123988179365,0.0660537140092
0.692,0.123666966465,0.0662139219015
0.693,0.123538481305,0.0658246295846
0.694,0.123249389695,0.0655138821237
0.695,0.122992419376,0.0654137173542
0.696,0.122671206476,0.0655737704918
0.697,0.122317872286,0.0657507360157
0.698,0.121996659386,0.0656826568266
0.699,0.121803931646,0.0657797487066
0.7,0.121611203906,0.0656465942744
0.701,0.121225748426,0.0656102995791
0.702,0.120679686496,0.0644920318725
0.703,0.120101503276,0.0647823911956
0.704,0.119748169086,0.0644918444166
0.705,0.119137864577,0.0643289606458
0.706,0.118784530387,0.0637974683544
0.707,0.118302711037,0.0626113514889
0.708,0.117820891687,0.061652596572
0.709,0.117339072337,0.061408016444
0.71,0.116921495567,0.0608875128999
0.711,0.116536040087,0.0605903676851
0.712,0.116246948477,0.06
0.713,0.115700886548,0.0597755155312
0.714,0.115379673648,0.0594396438858
0.715,0.115058460748,0.0593487394958
0.716,0.114673005268,0.0587925125231
0.717,0.114255428498,0.058247286206
0.718,0.113773609148,0.0569755058573
0.719,0.113291789798,0.0569518716578
0.72,0.113002698188,0.0560772739469
0.721,0.112713606578,0.0559591068066
0.722,0.112360272389,0.0556155507559
0.723,0.112103302069,0.0554803788904
0.724,0.111814210459,0.0548465924518
0.725,0.111557240139,0.0547087642896
0.726,0.111268148529,0.0548431105048
0.727,0.110786329179,0.0545504385965
0.728,0.110497237569,0.0544255085212
0.729,0.110208145959,0.0542998897464
0.73,0.109951175639,0.0538971807629
0.731,0.109629962739,0.0535219079312
0.732,0.109212385969,0.0531885268727
0.733,0.109019658229,0.0524846454495
0.734,0.10866632404,0.0521154384982
0.735,0.10844147501,0.051951698961
0.736,0.10824874727,0.0520393811533
0.737,0.10786329179,0.0508762012436
0.738,0.10738147244,0.0505538199375
0.739,0.10693177438,0.0502139800285
0.74,0.10632146987,0.0504876649455
0.741,0.10600025697,0.0500863557858
0.742,0.10567904407,0.0496822645869
0.743,0.105261467301,0.0495939675174
0.744,0.105036618271,0.0491421924978
0.745,0.104811769241,0.0484106153397
0.746,0.104362071181,0.0486090775988
0.747,0.104008736991,0.0482069370958
0.748,0.103526917641,0.0475768321513
0.749,0.103077219581,0.0474918373405
0.75,0.102627521521,0.0468377088305
0.751,0.102274187331,0.0467065868263
0.752,0.101728125402,0.0463715748269
0.753,0.101535397662,0.0455917874396
0.754,0.101182063472,0.0448756822317
0.755,0.100764486702,0.0447624847747
0.756,0.100636001542,0.0445257700518
0.757,0.100379031222,0.0443425076453
0.758,0.100186303482,0.0441311676371
0.759,0.0998008480021,0.0442940633651
0.76,0.0995438776821,0.0438136377661
0.761,0.0993190286522,0.0433168316832
0.762,0.0988693305923,0.0435052827843
0.763,0.0986766028524,0.0435865504359
0.764,0.0985159964024,0.0430577223089
0.765,0.0982269047925,0.0431789737171
0.766,0.0979699344726,0.043287327478
0.767,0.0977772067326,0.0433689503457
0.768,0.0973917512527,0.0435331230284
0.769,0.0971669022228,0.0433270082226
0.77,0.0970062957728,0.0427892234548
0.771,0.0967493254529,0.0425937698665
0.772,0.096460233843,0.0417996171027
0.773,0.0962032635231,0.0412932138284
0.774,0.0957856867532,0.0414657666345
0.775,0.0955608377232,0.0415592783505
0.776,0.0952717461133,0.0410604591012
0.777,0.0950468970834,0.0408427876823
0.778,0.0948541693434,0.0406107862248
0.779,0.0945329564435,0.0404303880013
0.78,0.0942438648336,0.0402355250245
0.781,0.0940190158037,0.0403278688525
0.782,0.0936656816138,0.0401579986833
0.783,0.0933765900039,0.0402773192473
0.784,0.0932159835539,0.0403439153439
0.785,0.092926891944,0.040464344942
0.786,0.092734164204,0.0395874916833
0.787,0.0926378003341,0.039627039627
0.788,0.0922523448542,0.0397860247409
0.789,0.0919953745342,0.0398927254442
0.79,0.0918026467943,0.0396505376344
0.791,0.0916420403443,0.0393939393939
0.792,0.0912887061544,0.0388907676699
0.793,0.0911602209945,0.0386178861789
0.794,0.0909032506745,0.0383961943595
0.795,0.0906141590646,0.0385139740968
0.796,0.0903893100347,0.0386060813119
0.797,0.0902287035847,0.0380136986301
0.798,0.0899396119748,0.0378006872852
0.799,0.0897790055249,0.0375344352617
0.8,0.0896505203649,0.0375862068966
0.801,0.089136579725,0.0377947295423
0.802,0.0887832455351,0.0376044568245
0.803,0.0882050623153,0.0371669004208
0.804,0.0874983939355,0.0374558303887
0.805,0.0869523320057,0.0373399715505
0.806,0.0864383913658,0.0372093023256
0.807,0.085763844276,0.0371438874865
0.808,0.0853462675061,0.0352214960058
0.809,0.0847038417063,0.0351262349067
0.81,0.0842541436464,0.0353070981979
0.811,0.0837080817166,0.0348148148148
0.812,0.0832905049467,0.0339046199702
0.813,0.0827444430168,0.0337584396099
0.814,0.082230502377,0.0339622641509
0.815,0.0818450468971,0.0337504740235
0.816,0.0814595914172,0.0335365853659
0.817,0.0810741359373,0.0329501915709
0.818,0.0807208017474,0.0323450134771
0.819,0.0801426185276,0.032570763862
0.82,0.0795001927277,0.0324472243941
0.821,0.0789862520879,0.0322707595435
0.822,0.078568675318,0.0312871287129
0.823,0.0782153411281,0.0302668259658
0.824,0.0777335217782,0.0304487179487
0.825,0.0772517024284,0.0306328093511
0.826,0.0767698830785,0.0296386520503
0.827,0.0762880637286,0.0294237842256
0.828,0.0756777592188,0.0284536082474
0.829,0.0752601824489,0.0278008298755
0.83,0.0747783630991,0.0275689223058
0.831,0.0741359372992,0.0265710670603
0.832,0.0736862392394,0.0263157894737
0.833,0.0733650263395,0.0264279624893
0.834,0.0729474495696,0.0261578044597
0.835,0.0724013876397,0.0263498920086
0.836,0.0719195682899,0.0265217391304
0.837,0.07140562765,0.0258545135846
0.838,0.0706989592702,0.0248116969428
0.839,0.0703135037903,0.0249443207127
0.84,0.0697674418605,0.0246969016614
0.841,0.0693177438006,0.0244122965642
0.842,0.0689322883207,0.0241018644839
0.843,0.0684504689708,0.0238204306001
0.844,0.0681613773609,0.0234698573401
0.845,0.067679558011,0.0236329935125
0.846,0.0671656173712,0.0228971962617
0.847,0.0666195554413,0.0226201696513
0.848,0.0662662212514,0.0227380388441
0.849,0.0659450083515,0.022380952381
0.85,0.0653989464217,0.0225636101776
0.851,0.0648850057818,0.0222652468538
0.852,0.064435307722,0.0224171539961
0.853,0.0639534883721,0.0211406096362
0.854,0.0636643967622,0.0202669303015
0.855,0.0633753051523,0.0193836978131
0.856,0.0628934858024,0.0195292939409
0.857,0.0625080303225,0.0181634712412
0.858,0.0620583322626,0.017793594306
0.859,0.0614480277528,0.0179671457906
0.86,0.0609662084029,0.0181065700983
0.861,0.0603880251831,0.0177638453501
0.862,0.0597455993833,0.0169133192389
0.863,0.0593601439034,0.0164981373071
0.864,0.0589746884235,0.016077170418
0.865,0.0584928690736,0.0162074554295
0.866,0.0579789284338,0.016348773842
0.867,0.0576577155339,0.0164383561644
0.868,0.057208017474,0.0165654334622
0.869,0.0567583194141,0.016694490818
0.87,0.0562122574843,0.0151941474395
0.871,0.0557625594244,0.0153148043108
0.872,0.0552807400745,0.0154462242563
0.873,0.0548310420146,0.0138648180243
0.874,0.0544134652448,0.0139697322468
0.875,0.0541564949248,0.0134581626682
0.876,0.053481947835,0.0136255924171
0.877,0.0527752794552,0.0138055222089
0.878,0.0523255813953,0.0139225181598
0.879,0.0518116407555,0.0134556574924
0.88,0.0514261852756,0.0129469790382
0.881,0.0511370936657,0.0130192188469
0.882,0.0507516381858,0.0118824265166
0.883,0.050077091096,0.0114140773621
0.884,0.0497237569061,0.0114942528736
0.885,0.0494346652962,0.0109254498715
0.886,0.0490813311063,0.011003236246
0.887,0.0485352691764,0.0111256544503
0.888,0.0480855711165,0.0112285336856
0.889,0.0475395091867,0.0106951871658
0.89,0.0470255685468,0.0108108108108
0.891,0.046447385327,0.0102669404517
0.892,0.0458049595272,0.0104094378904
0.893,0.0451946550173,0.0105485232068
0.894,0.0447449569575,0.00995024875622
0.895,0.0443273801876,0.0100430416069
0.896,0.0438455608377,0.010152284264
0.897,0.0433637414879,0.0102639296188
0.898,0.0431067711679,0.00886262924668
0.899,0.0425607092381,0.00897531787584
0.9,0.0419504047283,0.0083523158694
0.901,0.0412116150585,0.0077339520495
0.902,0.0409867660285,0.00700389105058
0.903,0.0405691892586,0.00629425649095
0.904,0.0401194911988,0.00557324840764
0.905,0.0396376718489,0.00564061240935
0.906,0.0390916099191,0.00571895424837
0.907,0.0385776692792,0.00579470198675
0.908,0.0379994860594,0.00504625735913
0.909,0.0373891815495,0.00427715996578
0.91,0.0371322112296,0.00430663221361
0.911,0.0365219067198,0.00437828371278
0.912,0.03587948092,0.00445632798574
0.913,0.0354297828601,0.00451263537906
0.914,0.0345625080303,0.00462534690102
0.915,0.0339843248105,0.00470366886171
0.916,0.0336309906206,0.00475285171103
0.917,0.0332134138507,0.00481231953802
0.918,0.0327315945008,0.0048828125
0.919,0.032153411281,0.00497017892644
0.92,0.0315752280612,0.00506072874494
0.921,0.0309006809713,0.00517063081696
0.922,0.0305794680714,0.00522466039707
0.923,0.0300655274316,0.00531349628055
0.924,0.0296158293717,0.00539374325782
0.925,0.028748554542,0.00555555555556
0.926,0.0279455222922,0.00571428571429
0.927,0.0273030964924,0.00584795321637
0.928,0.0267570345625,0.00596658711217
0.929,0.0263715790826,0.00605326876513
0.93,0.0259861236027,0.00614250614251
0.931,0.0253758190929,0.0062893081761
0.932,0.0247012720031,0.00645994832041
0.933,0.0239303610433,0.00534045393858
0.934,0.0233842991135,0.00546448087432
0.935,0.0229346010536,0.00557103064067
0.936,0.0224527817037,0.0042735042735
0.937,0.021553385584,0.00445103857567
0.938,0.0210715662341,0.00455235204856
0.939,0.0203970191443,0.00470219435737
0.94,0.0197224720545,0.00486223662885
0.941,0.0191121675446,0.00501672240803
0.942,0.0184697417448,0.00519031141869
0.943,0.017827315945,0.00537634408602
0.944,0.0174097391751,0.00550458715596
0.945,0.0167994346653,0.00570342205323
0.946,0.0162212514455,0.00590551181102
0.947,0.0158357959656,0.00604838709677
0.948,0.0153218553257,0.00625
0.949,0.0148721572658,0.00643776824034
0.95,0.014133367596,0.00677200902935
0.951,0.0136515482462,0.00700934579439
0.952,0.0132339714763,0.00722891566265
0.953,0.0126557882565,0.00755667506297
0.954,0.0122382114866,0.0078125
0.955,0.0114673005268,0.00557103064067
0.956,0.0109533598869,0.00583090379009
0.957,0.0102788127971,0.00621118012422
0.958,0.00979699344726,0.00651465798046
0.959,0.00925093151741,0.00689655172414
0.96,0.00886547603752,0.00719424460432
0.961,0.00835153539766,0.00763358778626
0.962,0.00774123088783,0.0082304526749
0.963,0.00729153282796,0.00873362445415
0.964,0.00668122831813,0.00952380952381
0.965,0.00587819606835,0.0108108108108
0.966,0.00523577026853,0.00609756097561
0.967,0.00488243607863,0.00653594771242
0.968,0.00433637414879,0.00735294117647
0.969,0.00375819092895,0.00847457627119
0.97,0.00353334189901,0.00900900900901
0.971,0.00324425028909,0.00980392156863
0.972,0.00282667351921,0.0112359550562
0.973,0.00253758190929,0.0
0.974,0.0021521264294,0.0
0.975,0.00192727739946,0.0
0.976,0.0017987922395,0.0
0.977,0.00150970062958,0.0
0.978,0.00131697288963,0.0
0.979,0.0010600025697,0.0
0.98,0.000899396119748,0.0
0.981,0.000738789669793,0.0
0.982,0.000546061929847,0.0
0.983,0.000513940639856,0.0
0.984,0.00032121289991,0.0
0.985,0.000224849029937,0.0
0.986,0.000192727739946,0.0
0.987,0.000160606449955,0.0
0.988,9.6363869973e-05,0.0
0.989,9.6363869973e-05,0.0
