Confidence,TPR,FPR
0,0.688712578697,0.738329269212
0.001,0.688712578697,0.738329269212
0.002,0.686560452268,0.686653479699
0.003,0.684890145188,0.655712622651
0.004,0.683541051009,0.633941069119
0.005,0.682095592959,0.617701051382
0.006,0.681035590389,0.602329579478
0.007,0.67968649621,0.589721063035
0.008,0.67849800848,0.578485564574
0.009,0.67769497623,0.567754593979
0.01,0.67689194398,0.558930034056
0.011,0.675896183991,0.551167439102
0.012,0.675125273031,0.543857688784
0.013,0.674386483361,0.536910007723
0.014,0.673744057561,0.53082097116
0.015,0.672973146602,0.525623688505
0.016,0.672362842092,0.520600929223
0.017,0.671881022742,0.51566299528
0.018,0.671013747912,0.510871661363
0.019,0.670371322112,0.506607929515
0.02,0.669343440833,0.50312983283
0.021,0.668604651163,0.498549430931
0.022,0.667897982783,0.494229565653
0.023,0.667127071823,0.49064842626
0.024,0.666388282153,0.486747294717
0.025,0.665456764744,0.483462061533
0.026,0.664942824104,0.479841733688
0.027,0.664428883464,0.476165654565
0.028,0.663754336374,0.47277357698
0.029,0.663111910574,0.469680148031
0.03,0.662180393165,0.466884862031
0.031,0.661537967365,0.463888814503
0.032,0.660895541565,0.461254612546
0.033,0.660542207375,0.458387516255
0.034,0.660124630605,0.455865130593
0.035,0.659417962225,0.453238001315
0.036,0.658936142875,0.451062424309
0.037,0.658293717076,0.448695604061
0.038,0.657747655146,0.446455379483
0.039,0.657297957086,0.443863718941
0.04,0.656719773866,0.441614959149
0.041,0.656109469356,0.439356749894
0.042,0.655659771296,0.437501770287
0.043,0.654985224207,0.435388862013
0.044,0.654503404857,0.433323806802
0.045,0.653957342927,0.431501936594
0.046,0.653475523577,0.429275462563
0.047,0.652897340357,0.427525749335
0.048,0.652608248747,0.425191815857
0.049,0.652062186817,0.422987096398
0.05,0.651580367468,0.421194537249
0.051,0.650937941668,0.419232354153
0.052,0.650038545548,0.417585340624
0.053,0.649299755878,0.415394666508
0.054,0.648625208788,0.413555582061
0.055,0.648239753308,0.411854467117
0.056,0.647565206219,0.409915865385
0.057,0.647019144289,0.408184806538
0.058,0.646280354619,0.406460988828
0.059,0.645862777849,0.404908720877
0.06,0.645316715919,0.403237114031
0.061,0.644674290119,0.401371162734
0.062,0.64393550045,0.399625111391
0.063,0.64355004497,0.398119895207
0.064,0.64306822562,0.396517597575
0.065,0.64242579982,0.395009620756
0.066,0.64191185918,0.393177570093
0.067,0.64143003983,0.39166848964
0.068,0.64107670564,0.3900871528
0.069,0.640723371451,0.388401421518
0.07,0.640048824361,0.386839198359
0.071,0.639599126301,0.385246161152
0.072,0.639149428241,0.383941327745
0.073,0.638474881151,0.382650786574
0.074,0.638153668251,0.381183533995
0.075,0.637768212771,0.379898821721
0.076,0.636997301812,0.378306283143
0.077,0.636515482462,0.376789168279
0.078,0.636001541822,0.375642393096
0.079,0.635262752152,0.374594944913
0.08,0.634877296672,0.373123171921
0.081,0.634363356032,0.371699589282
0.082,0.633945779262,0.370531337821
0.083,0.633431838623,0.369104198761
0.084,0.632821534113,0.367588542866
0.085,0.632371836053,0.366014581203
0.086,0.631857895413,0.364884082416
0.087,0.631183348323,0.36345841213
0.088,0.630605165103,0.362378608487
0.089,0.629930618014,0.361086093599
0.09,0.629320313504,0.359899665552
0.091,0.628742130284,0.358709504326
0.092,0.628324553514,0.357862903226
0.093,0.627553642554,0.356555443209
0.094,0.626846974174,0.355394808004
0.095,0.626140305795,0.354356593351
0.096,0.625690607735,0.353384735573
0.097,0.625112424515,0.35215392474
0.098,0.624437877425,0.35097845019
0.099,0.623923936785,0.349811708319
0.1,0.623153025826,0.34889308392
0.101,0.622542721316,0.347933798988
0.102,0.621964538096,0.346552081176
0.103,0.620936656816,0.345290858726
0.104,0.620390594886,0.343845512642
0.105,0.619651805216,0.342403233112
0.106,0.619105743287,0.340881294336
0.107,0.618366953617,0.339213692
0.108,0.617371193627,0.337941952507
0.109,0.616471797507,0.336920091727
0.11,0.615668765258,0.335563342891
0.111,0.614865733008,0.334386650098
0.112,0.614255428498,0.333060352501
0.113,0.613420274958,0.331856984677
0.114,0.612681485288,0.330358742788
0.115,0.611878453039,0.329380480092
0.116,0.610979056919,0.328311407461
0.117,0.610304509829,0.326811803848
0.118,0.609372992419,0.325409211338
0.119,0.60856996017,0.324442341982
0.12,0.6075099576,0.323528338382
0.121,0.60693177438,0.322405971023
0.122,0.60603237826,0.320923743437
0.123,0.60538995246,0.320098616426
0.124,0.604394192471,0.318745845336
0.125,0.603591160221,0.316999036252
0.126,0.602466915071,0.315687660429
0.127,0.601792367981,0.314302772492
0.128,0.600860850572,0.312979671296
0.129,0.599897211872,0.311685384818
0.13,0.599062058332,0.310437076112
0.131,0.598066298343,0.308902503593
0.132,0.596942053193,0.30759887649
0.133,0.595882050623,0.306447313302
0.134,0.595046897083,0.305297734999
0.135,0.593601439034,0.304251159581
0.136,0.592702042914,0.303026806661
0.137,0.591545676474,0.301879510633
0.138,0.590678401645,0.300673583153
0.139,0.589875369395,0.299506968438
0.14,0.588751124245,0.298730628456
0.141,0.587980213285,0.297496778225
0.142,0.587177181036,0.296125063668
0.143,0.586374148786,0.294966007781
0.144,0.585538995246,0.293966977972
0.145,0.584382628806,0.293015534211
0.146,0.583483232687,0.292068022357
0.147,0.582294744957,0.291184540141
0.148,0.581106257227,0.290108925508
0.149,0.579949890788,0.289122863205
0.15,0.578954130798,0.287780187997
0.151,0.577765643068,0.28663575892
0.152,0.576545034049,0.28557560068
0.153,0.575452910189,0.284740536374
0.154,0.574200179879,0.283479960899
0.155,0.57307593473,0.282298606286
0.156,0.57204805345,0.280844954881
0.157,0.57121289991,0.279590241494
0.158,0.5702813825,0.278433476395
0.159,0.569510471541,0.277230590962
0.16,0.568225619941,0.276137071651
0.161,0.567101374791,0.275329111815
0.162,0.566105614801,0.274178717713
0.163,0.565013490942,0.272952229166
0.164,0.564049852242,0.271958606764
0.165,0.563021970962,0.270662726889
0.166,0.561833483233,0.270018621974
0.167,0.560934087113,0.268840487411
0.168,0.559809841963,0.267689030884
0.169,0.559038931003,0.266552755233
0.17,0.558043171014,0.265426808365
0.171,0.557175896184,0.264535258476
0.172,0.556308621354,0.263606981254
0.173,0.555377103944,0.262875907363
0.174,0.554220737505,0.261857279112
0.175,0.552743158165,0.260996301936
0.176,0.551618913016,0.259834956119
0.177,0.550558910446,0.258577625871
0.178,0.549338301426,0.257629056371
0.179,0.548342541436,0.256463425395
0.18,0.546897083387,0.255271084337
0.181,0.545837080817,0.254288507688
0.182,0.544616471798,0.25353305693
0.183,0.543556469228,0.252359862211
0.184,0.542592830528,0.251390882986
0.185,0.541693434408,0.250326238582
0.186,0.540729795709,0.248950101603
0.187,0.539862520879,0.248007607318
0.188,0.538320698959,0.24703314691
0.189,0.53726069639,0.246146127885
0.19,0.53600796608,0.244906368756
0.191,0.53485159964,0.243784752539
0.192,0.53408068868,0.242637909581
0.193,0.532956443531,0.241478192498
0.194,0.531832198381,0.240393540004
0.195,0.530194012592,0.239360462406
0.196,0.529069767442,0.238353601497
0.197,0.528202492612,0.237087770324
0.198,0.526853398432,0.236014315314
0.199,0.525568546833,0.235149567601
0.2,0.524187331363,0.234275685419
0.201,0.522260053964,0.234098266997
0.202,0.520814595914,0.233067252999
0.203,0.519529744315,0.231986951933
0.204,0.518116407555,0.230643218502
0.205,0.516799434665,0.229776123011
0.206,0.515225491456,0.229189923798
0.207,0.513683669536,0.228077016817
0.208,0.512077605037,0.226635971787
0.209,0.510728510857,0.225750946364
0.21,0.509154567647,0.224822274882
0.211,0.507355775408,0.224034504982
0.212,0.505428498008,0.223384125087
0.213,0.504240010279,0.222466520088
0.214,0.502666067069,0.221167846563
0.215,0.50122060902,0.219886048505
0.216,0.4996787871,0.218987341772
0.217,0.49823332905,0.218155941852
0.218,0.496755749711,0.217191567557
0.219,0.495438776821,0.216090187036
0.22,0.493639984582,0.215098614759
0.221,0.491969677502,0.214326351177
0.222,0.490845432353,0.213113903021
0.223,0.489689065913,0.211985409067
0.224,0.488018758833,0.210912137397
0.225,0.486091481434,0.210141497028
0.226,0.484517538224,0.209055367709
0.227,0.482815109855,0.207815652543
0.228,0.481530258255,0.20671641791
0.229,0.480149042786,0.205833556329
0.23,0.478960555056,0.20464191694
0.231,0.477675703456,0.203881401617
0.232,0.475973275087,0.203258633756
0.233,0.474238725427,0.202262468048
0.234,0.472696903508,0.201092597651
0.235,0.471122960298,0.200362100181
0.236,0.469549017089,0.199658421024
0.237,0.467814467429,0.199136833951
0.238,0.466144160349,0.1985
0.239,0.46476294488,0.197366218403
0.24,0.4634138507,0.19638054684
0.241,0.461647179751,0.195156294002
0.242,0.460233842991,0.194321909286
0.243,0.459141719131,0.193176657584
0.244,0.457407169472,0.192380083272
0.245,0.455865347552,0.191417440128
0.246,0.454323525633,0.190352846371
0.247,0.452749582423,0.189840499307
0.248,0.451047154054,0.189331940333
0.249,0.449537453424,0.188436206796
0.25,0.448541693434,0.187795896896
0.251,0.447031992805,0.186957032167
0.252,0.445779262495,0.185938236681
0.253,0.443916227676,0.18530143314
0.254,0.441988950276,0.184594321091
0.255,0.440639856097,0.184083169027
0.256,0.439194398047,0.18320931349
0.257,0.437556212257,0.18257986739
0.258,0.436142875498,0.181520949382
0.259,0.435018630348,0.180790960452
0.26,0.433701657459,0.179943881908
0.261,0.432159835539,0.178814442469
0.262,0.430939226519,0.17816056598
0.263,0.42991134524,0.177029947515
0.264,0.42869073622,0.176426845139
0.265,0.42695618656,0.176034858388
0.266,0.425607092381,0.175003126172
0.267,0.424097391751,0.174368956423
0.268,0.422684054992,0.173748581516
0.269,0.421399203392,0.173079357043
0.27,0.419664653732,0.172832443427
0.271,0.418572529873,0.171866028708
0.272,0.417416163433,0.170883238327
0.273,0.416067069254,0.169680200759
0.274,0.415135551844,0.16881859264
0.275,0.414139791854,0.167897396036
0.276,0.412790697674,0.167143600416
0.277,0.411184633175,0.16651424092
0.278,0.409674932545,0.166469971151
0.279,0.408068868046,0.165854301146
0.28,0.407008865476,0.165323113519
0.281,0.405788256456,0.164621609073
0.282,0.404664011307,0.163725947134
0.283,0.403186431967,0.16322300234
0.284,0.401773095208,0.162514270365
0.285,0.400006424258,0.161817322622
0.286,0.398914300398,0.161043360434
0.287,0.397629448799,0.16028301245
0.288,0.396505203649,0.15990990991
0.289,0.395541564949,0.15954825462
0.29,0.39448156238,0.15880211553
0.291,0.39310034691,0.158449975867
0.292,0.39159064628,0.157883803061
0.293,0.390659128871,0.157547562838
0.294,0.389438519851,0.157131907184
0.295,0.388185789541,0.156370251172
0.296,0.387029423102,0.155817709431
0.297,0.386097905692,0.15512504403
0.298,0.385005781832,0.154183464177
0.299,0.383945779262,0.153753370228
0.3,0.382757291533,0.153013249751
0.301,0.380990620583,0.152281355204
0.302,0.379031221894,0.151879590955
0.303,0.377457278684,0.151190562351
0.304,0.376333033535,0.150896812141
0.305,0.374598483875,0.150787861103
0.306,0.373442117435,0.150366032211
0.307,0.372125144546,0.14956982131
0.308,0.370840292946,0.1488183161
0.309,0.368913015547,0.147826086957
0.31,0.367885134267,0.147225536993
0.311,0.366921495567,0.146140600434
0.312,0.365765129128,0.145894373075
0.313,0.364319671078,0.145293984452
0.314,0.363131183348,0.144924242424
0.315,0.361878453039,0.14463878327
0.316,0.360272388539,0.144210928544
0.317,0.359148143389,0.143657002608
0.318,0.35805601953,0.143110084681
0.319,0.35644995503,0.142060850043
0.32,0.355068739561,0.141802067947
0.321,0.353816009251,0.141764843567
0.322,0.352113580881,0.140850596359
0.323,0.350603880252,0.140480882933
0.324,0.349800848002,0.139795999051
0.325,0.348869330592,0.139492466297
0.326,0.347777206733,0.138705310932
0.327,0.346813568033,0.138005433914
0.328,0.345400231273,0.137731760173
0.329,0.344115379674,0.137261223503
0.33,0.342926891944,0.136753519987
0.331,0.341674161634,0.136415339617
0.332,0.340453552615,0.135992821015
0.333,0.339297186175,0.135756980267
0.334,0.338108698445,0.135317329826
0.335,0.337016574586,0.135126216796
0.336,0.335892329436,0.134515033546
0.337,0.334832326866,0.134164588529
0.338,0.333418990107,0.134079145099
0.339,0.332166259797,0.133646348621
0.34,0.330817165617,0.133170485175
0.341,0.329435950148,0.132690192096
0.342,0.328215341128,0.132432891607
0.343,0.326930489528,0.132292732856
0.344,0.325902608249,0.132135216089
0.345,0.324842605679,0.131838873143
0.346,0.3231722986,0.131681201969
0.347,0.32208017474,0.1310906884
0.348,0.32114865733,0.130967910253
0.349,0.32021713992,0.130616874618
0.35,0.319060773481,0.130267192291
0.351,0.318097134781,0.130381303813
0.352,0.317005010921,0.129928552527
0.353,0.315816523192,0.129660791781
0.354,0.314917127072,0.129132598649
0.355,0.313985609662,0.128689913493
0.356,0.312957728382,0.127575703279
0.357,0.311833483233,0.127428057554
0.358,0.310484389053,0.127280939476
0.359,0.309071052293,0.127076336571
0.36,0.308171656174,0.126434687557
0.361,0.307111653604,0.126177196672
0.362,0.306244378774,0.125848468171
0.363,0.305473467814,0.125322046375
0.364,0.304638314275,0.124734558213
0.365,0.303835282025,0.124861162532
0.366,0.302775279455,0.124500603921
0.367,0.301940125915,0.123904531046
0.368,0.301008608506,0.123420978759
0.369,0.299916484646,0.123074032319
0.37,0.299113452396,0.122868180533
0.371,0.298374662726,0.122555041104
0.372,0.297539509187,0.121763869132
0.373,0.296768598227,0.121373537525
0.374,0.295933444687,0.121339311266
0.375,0.295001927277,0.120666538977
0.376,0.293909803418,0.120553739665
0.377,0.293171013748,0.120142705621
0.378,0.292592830528,0.11914893617
0.379,0.291404342798,0.119149349388
0.38,0.290569189259,0.118592866888
0.381,0.289701914429,0.118216485773
0.382,0.288770397019,0.118120278623
0.383,0.287935243479,0.117554395983
0.384,0.28697160478,0.11659414557
0.385,0.28604008737,0.116315998412
0.386,0.28501220609,0.11615859733
0.387,0.28398432481,0.115646258503
0.388,0.283470384171,0.115565801343
0.389,0.282635230631,0.114889336016
0.39,0.281992804831,0.114496116211
0.391,0.281254015161,0.114225010117
0.392,0.280579468071,0.114108935998
0.393,0.279904920982,0.11398068124
0.394,0.279230373892,0.113773065552
0.395,0.278170371322,0.113975854307
0.396,0.277238853912,0.113951339698
0.397,0.276500064243,0.11394750386
0.398,0.275761274573,0.11376071023
0.399,0.275183091353,0.113238795156
0.4,0.274637029423,0.112886490973
0.401,0.273609148143,0.112338474364
0.402,0.273095207504,0.111691568279
0.403,0.272099447514,0.111588883062
0.404,0.271232172684,0.111157894737
0.405,0.270075806244,0.111111111111
0.406,0.269465501735,0.110675288879
0.407,0.268501863035,0.110176708537
0.408,0.267634588205,0.109448482257
0.409,0.266735192085,0.10929958168
0.41,0.265803674676,0.10906546081
0.411,0.264840035976,0.108552275922
0.412,0.263876397276,0.108131581804
0.413,0.263073365026,0.107940311513
0.414,0.262238211487,0.107564494972
0.415,0.261660028267,0.106994080246
0.416,0.260985481177,0.106455515231
0.417,0.260182448927,0.105960264901
0.418,0.259347295387,0.105572172372
0.419,0.258736990878,0.105099433396
0.42,0.257773352178,0.104852203012
0.421,0.257163047668,0.104474272931
0.422,0.256360015418,0.103963175031
0.423,0.255813953488,0.10365785031
0.424,0.255203648979,0.103576667043
0.425,0.254207888989,0.102822809205
0.426,0.253565463189,0.101831835249
0.427,0.252698188359,0.101325108522
0.428,0.25154182192,0.101434308663
0.429,0.25061030451,0.10135913384
0.43,0.24993575742,0.10087820661
0.431,0.24906848259,0.100464037123
0.432,0.24832969292,0.10031420924
0.433,0.247655145831,0.100035018093
0.434,0.246948477451,0.0996603817777
0.435,0.246049081331,0.0996708979784
0.436,0.245438776821,0.0992573382058
0.437,0.244699987151,0.0988881003075
0.438,0.244057561352,0.0985882073793
0.439,0.243350892972,0.0985245121371
0.44,0.242419375562,0.0982196200263
0.441,0.241841192342,0.097242206235
0.442,0.241166645252,0.0972706504749
0.443,0.240620583323,0.0964901700639
0.444,0.240170885263,0.0964350453172
0.445,0.239432095593,0.0959369314736
0.446,0.238661184633,0.0956669912366
0.447,0.237954516253,0.0954822954823
0.448,0.237151484004,0.0954422935555
0.449,0.236476936914,0.095466273498
0.45,0.235706025954,0.0953026753791
0.451,0.234902993704,0.0949257425743
0.452,0.234292689194,0.0945878848064
0.453,0.233650263395,0.0948232951717
0.454,0.233007837595,0.094946974423
0.455,0.232333290505,0.0947434292866
0.456,0.231626622125,0.0947778056741
0.457,0.230823589875,0.0947341899723
0.458,0.230052678916,0.0945638432364
0.459,0.229281767956,0.0948516358103
0.46,0.228671463446,0.0948506039415
0.461,0.228157522806,0.0948133044476
0.462,0.227547218296,0.0945807770961
0.463,0.227001156366,0.0946707660774
0.464,0.226326609277,0.0944608662126
0.465,0.225587819607,0.0943907156673
0.466,0.224977515097,0.0942713047976
0.467,0.224367210587,0.0942686721992
0.468,0.223660542207,0.0940671350507
0.469,0.222857509958,0.0940193261948
0.47,0.222311448028,0.0938727415554
0.471,0.222054477708,0.0933770491803
0.472,0.221412051908,0.0930263157895
0.473,0.220769626108,0.093152130888
0.474,0.220030836438,0.0933156849768
0.475,0.219613259669,0.0926343729263
0.476,0.219035076449,0.0926147704591
0.477,0.218521135809,0.0922070990125
0.478,0.217942952589,0.0921862456516
0.479,0.217493254529,0.0917505030181
0.48,0.216722343569,0.0916801292407
0.481,0.21582294745,0.0917815625845
0.482,0.21514840036,0.0916734472471
0.483,0.21466658101,0.091613429387
0.484,0.21415264037,0.0914418097574
0.485,0.21367082102,0.0910084722602
0.486,0.21318900167,0.0910709394686
0.487,0.21273930361,0.0909964315125
0.488,0.212128999101,0.090859030837
0.489,0.211679301041,0.0907836644592
0.49,0.211390209431,0.0908965326703
0.491,0.210972632661,0.0908084163898
0.492,0.210490813311,0.0907451089219
0.493,0.210008993961,0.0906815020862
0.494,0.209559295901,0.0904781820717
0.495,0.208692021072,0.0904381912362
0.496,0.208242323012,0.0904882154882
0.497,0.207792624952,0.0906662918189
0.498,0.207278684312,0.090742567282
0.499,0.206925350122,0.0904983763942
0.5,0.206379288192,0.0900722277298
0.501,0.205479892072,0.0897837222538
0.502,0.204580495953,0.0897527511791
0.503,0.203841706283,0.0891344911727
0.504,0.203102916613,0.0889048991354
0.505,0.202492612103,0.0884904569115
0.506,0.202139277913,0.0886314265025
0.507,0.201464730824,0.088504577823
0.508,0.200758062444,0.0885226775558
0.509,0.200276243094,0.0883170054101
0.51,0.199730181164,0.0880023467292
0.511,0.199216240524,0.0875386199794
0.512,0.198734421174,0.0874631268437
0.513,0.198316844404,0.0876311511748
0.514,0.197770782475,0.0877166987702
0.515,0.197096235385,0.0873122118102
0.516,0.196389567005,0.0873264666368
0.517,0.195971990235,0.087223219629
0.518,0.195265321855,0.0869630519676
0.519,0.194719259925,0.0864978902954
0.52,0.194333804446,0.0862407491316
0.521,0.193819863806,0.0861729516886
0.522,0.193338044456,0.0860917096872
0.523,0.192567133496,0.0851518388524
0.524,0.191988950276,0.0851063829787
0.525,0.191442888346,0.0847665847666
0.526,0.190768341257,0.0847588226229
0.527,0.190254400617,0.084826946848
0.528,0.189547732237,0.0842644320298
0.529,0.189130155467,0.0841499455592
0.53,0.188616214827,0.0837884225308
0.531,0.188070152897,0.0837245696401
0.532,0.187620454837,0.0836209601506
0.533,0.187010150328,0.0837267862764
0.534,0.186239239368,0.0834650648119
0.535,0.185564692278,0.08345232429
0.536,0.185082872928,0.0832140015911
0.537,0.184568932288,0.082548299537
0.538,0.183990749068,0.0823454021147
0.539,0.183284080689,0.0826366559486
0.54,0.182738018759,0.0822713340861
0.541,0.182320441989,0.0819990295973
0.542,0.181774380059,0.0819273199221
0.543,0.181421045869,0.0813272608979
0.544,0.181067711679,0.0813233376793
0.545,0.180618013619,0.0815093106828
0.546,0.18032892201,0.0813287514318
0.547,0.17984710266,0.0812274368231
0.548,0.17946164718,0.0810855263158
0.549,0.17917255557,0.0812057321693
0.55,0.17865861493,0.081116801586
0.551,0.17814467429,0.0808750414319
0.552,0.17769497623,0.0809104502409
0.553,0.17740588462,0.0802664446295
0.554,0.17685982269,0.0803407382662
0.555,0.176281639471,0.0802748449807
0.556,0.175735577541,0.0801950235373
0.557,0.175189515611,0.0801146905043
0.558,0.174707696261,0.0798511250211
0.559,0.174257998201,0.0789473684211
0.56,0.173840421431,0.0786516853933
0.561,0.173422844661,0.0786689419795
0.562,0.173133753052,0.078317373461
0.563,0.172651933702,0.0780445969125
0.564,0.172362842092,0.0776899278102
0.565,0.172009507902,0.0778370931634
0.566,0.171624052422,0.0776799585707
0.567,0.171367082102,0.0773088896576
0.568,0.170917384042,0.0773365701405
0.569,0.170499807272,0.0773509473318
0.57,0.170146473082,0.07733844278
0.571,0.169728896312,0.0770305676856
0.572,0.169279198253,0.0765726301034
0.573,0.168990106643,0.0763693820225
0.574,0.168668893743,0.076178747361
0.575,0.168251316973,0.0760275180808
0.576,0.167897982783,0.0758486562942
0.577,0.167512527303,0.0753546099291
0.578,0.167127071823,0.075350986316
0.579,0.166645252473,0.0753876314382
0.58,0.166324039573,0.0755222281735
0.581,0.166067069254,0.0752995886246
0.582,0.165488886034,0.0753768844221
0.583,0.165103430554,0.0753732685735
0.584,0.164750096364,0.0750225428314
0.585,0.164268277014,0.0748914616498
0.586,0.164011306694,0.0744970092442
0.587,0.163818578954,0.0744101633394
0.588,0.163304638314,0.0742898761835
0.589,0.163015546704,0.0744118183476
0.59,0.162469484775,0.0743045387994
0.591,0.162276757035,0.0740469208211
0.592,0.161827058975,0.0742374127159
0.593,0.161537967365,0.074360390208
0.594,0.161248875755,0.0741423828845
0.595,0.160959784145,0.073752310536
0.596,0.160638571245,0.0738888888889
0.597,0.159931902865,0.0738467261905
0.598,0.159739175125,0.0737567517229
0.599,0.159225234485,0.0738041853513
0.6,0.158968264165,0.0733944954128
0.601,0.158293717076,0.0731615572691
0.602,0.157619169986,0.0731016244805
0.603,0.157233714506,0.0727410494412
0.604,0.156751895156,0.0727721831655
0.605,0.156334318386,0.0725990853659
0.606,0.155980984196,0.0722200993504
0.607,0.155402800976,0.0715793513721
0.608,0.154920981627,0.0717859892225
0.609,0.154374919697,0.0716631253622
0.61,0.153828857767,0.0717193254507
0.611,0.153475523577,0.0718725718726
0.612,0.153025825517,0.070801638385
0.613,0.152383399717,0.0708969839405
0.614,0.151933701657,0.0710919088767
0.615,0.151355518438,0.0709779179811
0.616,0.151130669408,0.0707090657713
0.617,0.150809456508,0.0706650831354
0.618,0.150327637158,0.0705064548163
0.619,0.150102788128,0.0704197334394
0.62,0.149556726198,0.070473148333
0.621,0.149267634588,0.0704140828166
0.622,0.148785815238,0.0704394942806
0.623,0.148271874598,0.0702920443102
0.624,0.147725812669,0.0703456640388
0.625,0.147276114609,0.0703568532036
0.626,0.146826416549,0.0705571370476
0.627,0.146505203649,0.070322054627
0.628,0.145894899139,0.0698341183699
0.629,0.145477322369,0.0700205338809
0.63,0.144963381729,0.0698680956307
0.631,0.144674290119,0.0696137161743
0.632,0.14419247077,0.0692515032138
0.633,0.143774894,0.0690515806988
0.634,0.14364640884,0.0691090757702
0.635,0.14322883207,0.0691022964509
0.636,0.14290761917,0.068662340381
0.637,0.14232943595,0.0685305865041
0.638,0.14191185918,0.0685220324689
0.639,0.14171913144,0.0682154171067
0.64,0.14130155467,0.0680084745763
0.641,0.140980341771,0.0677570093458
0.642,0.140755492741,0.0674611619494
0.643,0.140177309521,0.0675213675214
0.644,0.139534883721,0.0674109059682
0.645,0.139053064371,0.0672268907563
0.646,0.138731851471,0.0671706263499
0.647,0.138346395991,0.0673451710697
0.648,0.137800334061,0.0665796344648
0.649,0.137446999872,0.0665357766143
0.65,0.136965180522,0.0657318141981
0.651,0.136611846332,0.0652747252747
0.652,0.136322754722,0.0651982378855
0.653,0.135969420532,0.0649436713055
0.654,0.135712450212,0.0648517042939
0.655,0.135359116022,0.0648024855748
0.656,0.135070024412,0.064099710661
0.657,0.134684568932,0.0636444841447
0.658,0.134299113452,0.0636058230683
0.659,0.134202749582,0.0634386908765
0.66,0.133753051523,0.0630063006301
0.661,0.133528202493,0.0628944995491
0.662,0.133335474753,0.0627681192143
0.663,0.133142747013,0.0622171945701
0.664,0.132757291533,0.0619609623241
0.665,0.132468199923,0.0608061944887
0.666,0.132146987023,0.0609449897284
0.667,0.131857895413,0.0604257267109
0.668,0.131568803803,0.0599036033968
0.669,0.131408197353,0.0591076356946
0.67,0.131247590903,0.0587422252937
0.671,0.130958499293,0.0582120582121
0.672,0.130637286393,0.0581287633164
0.673,0.130155467044,0.0578935131365
0.674,0.129802132854,0.058041958042
0.675,0.129256070924,0.0576112412178
0.676,0.129063343184,0.0576923076923
0.677,0.128774251574,0.0575928537847
0.678,0.128549402544,0.0576877796091
0.679,0.128388796094,0.0575336005659
0.68,0.128067583194,0.0576695816592
0.681,0.127746370294,0.0575829383886
0.682,0.127489399974,0.0576923076923
0.683,0.127168187074,0.05782960495
0.684,0.126975459334,0.0579122974261
0.685,0.126622125145,0.058064516129
0.686,0.126429397405,0.0579224509335
0.687,0.126204548375,0.057793764988
0.688,0.126108184505,0.0573829531813
0.689,0.125883335475,0.0574795574796
0.69,0.125497879995,0.0567358763882
0.691,0.125273030965,0.0563755141544
0.692,0.124951818065,0.0565122483628
0.693,0.124823332905,0.0561088170998
0.694,0.124502120005,0.0560155869459
0.695,0.124245149685,0.0558945569929
0.696,0.123923936785,0.0560313188158
0.697,0.123570602595,0.056182531894
0.698,0.123249389695,0.0560885608856
0.699,0.123056661956,0.0561714708056
0.7,0.122863934216,0.0560217176703
0.701,0.122478478736,0.0559544441693
0.702,0.121900295516,0.0550298804781
0.703,0.121322112296,0.0552776388194
0.704,0.120968778106,0.0549560853199
0.705,0.120358473596,0.0547426841574
0.706,0.120005139406,0.0541772151899
0.707,0.119523320057,0.0529396793077
0.708,0.119041500707,0.0519314402661
0.709,0.118559681357,0.0516443987667
0.71,0.118142104587,0.0510835913313
0.711,0.117756649107,0.0507509062662
0.712,0.117467557497,0.0501298701299
0.713,0.116921495567,0.0498564343513
0.714,0.116600282667,0.0494893951296
0.715,0.116279069767,0.0493697478992
0.716,0.115861492998,0.0490377010282
0.717,0.115411794938,0.0487159120995
0.718,0.114865733008,0.0479233226837
0.719,0.114383913658,0.0478609625668
0.72,0.114094822048,0.0469546552187
0.721,0.113805730438,0.046811945117
0.722,0.113420274958,0.0467062634989
0.723,0.113163304638,0.046549391069
0.724,0.112874213028,0.0458865055661
0.725,0.112617242708,0.0457267283615
0.726,0.112328151099,0.0458390177353
0.727,0.111846331749,0.0455043859649
0.728,0.111557240139,0.0453545904343
0.729,0.111236027239,0.0454796030871
0.73,0.110979056919,0.0450525152018
0.731,0.110657844019,0.0446478092069
0.732,0.110240267249,0.0442773600668
0.733,0.110047539509,0.0435510887772
0.734,0.109662084029,0.0434295320818
0.735,0.109437234999,0.0432462791351
0.736,0.109244507259,0.0433192686357
0.737,0.10882693049,0.0423968343697
0.738,0.10834511114,0.0420335132065
0.739,0.10789541308,0.0416547788873
0.74,0.10728510857,0.0418818129662
0.741,0.10696389567,0.0414507772021
0.742,0.10664268277,0.0410167533218
0.743,0.106225106,0.0408932714617
0.744,0.10600025697,0.0404187263739
0.745,0.10577540794,0.039661708953
0.746,0.105325709881,0.0398243045388
0.747,0.104972375691,0.0393885949442
0.748,0.104490556341,0.0387115839243
0.749,0.104040858281,0.0385871178391
0.75,0.103591160221,0.0378878281623
0.751,0.103237826031,0.0377245508982
0.752,0.102691764101,0.0373381511593
0.753,0.102466915071,0.0368357487923
0.754,0.102113580881,0.0360824742268
0.755,0.101696004112,0.0359317904994
0.756,0.101567518952,0.035681610247
0.757,0.101310548632,0.0354740061162
0.758,0.101085699602,0.0355501072633
0.759,0.100700244122,0.0356813288219
0.76,0.100443273802,0.0351743289108
0.761,0.100154182192,0.0352722772277
0.762,0.0997044841321,0.0354257302672
0.763,0.0995117563921,0.0354919053549
0.764,0.0993511499422,0.0349453978159
0.765,0.0990620583323,0.0350438047559
0.766,0.0988050880123,0.0351317440402
0.767,0.0986123602724,0.0351979886864
0.768,0.0982269047925,0.0353312302839
0.769,0.0980020557626,0.0351043643264
0.77,0.0978414493126,0.0345483359746
0.771,0.0975844789927,0.0343293070566
0.772,0.0972953873828,0.0335035098915
0.773,0.0970062957728,0.033290653009
0.774,0.096588719003,0.0334297653488
0.775,0.096363869973,0.0335051546392
0.776,0.0960747783631,0.0329776915616
0.777,0.0958499293332,0.0327390599676
0.778,0.0956572015932,0.0324886289799
0.779,0.0953359886933,0.0322791000978
0.78,0.0950468970834,0.0320575727838
0.781,0.0948220480534,0.032131147541
0.782,0.0944687138635,0.0319289005925
0.783,0.0941796222536,0.0320237702212
0.784,0.0940190158037,0.0320767195767
0.785,0.0937299241938,0.0321724709784
0.786,0.0935371964538,0.0312707917498
0.787,0.0934408325838,0.031302031302
0.788,0.0930553771039,0.0314276161819
0.789,0.092798406784,0.031511900771
0.79,0.0926056790441,0.03125
0.791,0.0924450725941,0.0309764309764
0.792,0.0920596171142,0.0307744335475
0.793,0.0919311319543,0.030487804878
0.794,0.0916420403443,0.0305810397554
0.795,0.0913529487344,0.0306748466258
0.796,0.0911280997045,0.0307482063546
0.797,0.0909674932545,0.0301369863014
0.798,0.0906462803546,0.0302405498282
0.799,0.0904535526147,0.030303030303
0.8,0.0903250674547,0.0303448275862
0.801,0.0898111268149,0.0305131761442
0.802,0.089457792625,0.0302924791086
0.803,0.0888474881151,0.0301542776999
0.804,0.0881408197353,0.0303886925795
0.805,0.0875947578055,0.0302275960171
0.806,0.0870808171656,0.030053667263
0.807,0.0864062700758,0.0299314821493
0.808,0.0859886933059,0.0279593318809
0.809,0.0853141462161,0.0281741675814
0.81,0.0848644481562,0.0283192350129
0.811,0.0843183862264,0.0277777777778
0.812,0.0839008094565,0.026825633383
0.813,0.0833547475267,0.0266316579145
0.814,0.0828408068868,0.0267924528302
0.815,0.0824553514069,0.0265453166477
0.816,0.082069895927,0.0262957317073
0.817,0.0816523191571,0.0260536398467
0.818,0.0812668636772,0.0257989988448
0.819,0.0806886804574,0.0259790616518
0.82,0.0800141333676,0.0261923377639
0.821,0.0795001927277,0.025974025974
0.822,0.0790826159579,0.0249504950495
0.823,0.078729281768,0.0238948626045
0.824,0.0782474624181,0.0240384615385
0.825,0.0777656430682,0.0241837968561
0.826,0.0772838237184,0.0231425091352
0.827,0.0768020043685,0.0228851655088
0.828,0.0761916998587,0.0218556701031
0.829,0.0757741230888,0.0211618257261
0.83,0.0752923037389,0.0208855472013
0.831,0.0746177566491,0.0202446225221
0.832,0.0741680585892,0.0199490662139
0.833,0.0738468456893,0.0200341005968
0.834,0.0734292689194,0.0197255574614
0.835,0.0728832069896,0.0198704103672
0.836,0.0724013876397,0.02
0.837,0.0718874469999,0.0192813321648
0.838,0.0711807786201,0.0181657066903
0.839,0.0707953231402,0.0182628062361
0.84,0.0702492612103,0.0179613830265
0.841,0.0697995631505,0.0176311030741
0.842,0.0694141076706,0.0172805820828
0.843,0.0689322883207,0.0169491525424
0.844,0.0686431967108,0.0165669581224
0.845,0.0681613773609,0.0166821130677
0.846,0.0675831941411,0.0168224299065
0.847,0.0670050109212,0.0169651272385
0.848,0.0666516767313,0.0170535291331
0.849,0.0662983425414,0.0171428571429
0.85,0.0657522806116,0.0172827652424
0.851,0.0652062186817,0.0174249757986
0.852,0.0647565206219,0.0175438596491
0.853,0.064274701272,0.0162241887906
0.854,0.0639856096621,0.0153237765695
0.855,0.0636965180522,0.0144135188867
0.856,0.0632146987023,0.014521782674
0.857,0.0628292432224,0.0131180625631
0.858,0.0623795451625,0.0127097102186
0.859,0.0617692406527,0.0128336755647
0.86,0.0612874213028,0.0129332643559
0.861,0.060677116793,0.0130616509927
0.862,0.0600346909932,0.012156448203
0.863,0.0596492355133,0.0117083555082
0.864,0.0592637800334,0.0112540192926
0.865,0.0587819606835,0.0113452188006
0.866,0.0582680200437,0.0114441416894
0.867,0.0579468071438,0.0115068493151
0.868,0.0574971090839,0.0115958034235
0.869,0.057047411024,0.0116861435726
0.87,0.0564049852242,0.0118176702307
0.871,0.0559552871643,0.011911514464
0.872,0.0554734678145,0.0120137299771
0.873,0.0550237697546,0.0103986135182
0.874,0.0546061929847,0.0104772991851
0.875,0.0543492226648,0.00994733762434
0.876,0.053674675575,0.0100710900474
0.877,0.0529680071952,0.0102040816327
0.878,0.0525183091353,0.0102905569007
0.879,0.0520043684954,0.00978593272171
0.88,0.0516189130155,0.00924784217016
0.881,0.0513298214056,0.00929944203348
0.882,0.0509122446357,0.00875547217011
0.883,0.0502376975459,0.00824350031706
0.884,0.049884363356,0.00830140485313
0.885,0.0495952717461,0.00771208226221
0.886,0.0492419375562,0.00776699029126
0.887,0.0486958756264,0.00785340314136
0.888,0.0482461775665,0.00792602377807
0.889,0.0477001156366,0.00735294117647
0.89,0.0471861749968,0.00743243243243
0.891,0.0466079917769,0.00684462696783
0.892,0.0459655659771,0.00693962526024
0.893,0.0453552614673,0.0070323488045
0.894,0.0449055634074,0.00639658848614
0.895,0.0444879866375,0.006456241033
0.896,0.0440061672877,0.0065264684554
0.897,0.0435243479378,0.00659824046921
0.898,0.0432352563279,0.00590841949778
0.899,0.042689194398,0.00598354525056
0.9,0.0420467685982,0.00607441154138
0.901,0.0413079789284,0.00541376643465
0.902,0.0410831298985,0.00466926070039
0.903,0.0406655531286,0.00393391030685
0.904,0.0402158550687,0.0031847133758
0.905,0.0397340357189,0.00322320709106
0.906,0.039187973789,0.00326797385621
0.907,0.0386740331492,0.00331125827815
0.908,0.0380958499293,0.00252312867956
0.909,0.0374534241295,0.00256629597947
0.91,0.0371964538096,0.00258397932817
0.911,0.0365861492998,0.00262697022767
0.912,0.0359437234999,0.00267379679144
0.913,0.0354940254401,0.00270758122744
0.914,0.0346267506103,0.00277520814061
0.915,0.0340485673905,0.00282220131703
0.916,0.0336952332006,0.00285171102662
0.917,0.0332776564307,0.00288739172281
0.918,0.0327958370808,0.0029296875
0.919,0.032217653861,0.00298210735586
0.92,0.0316394706411,0.00303643724696
0.921,0.0309649235513,0.00310237849018
0.922,0.0306437106514,0.00313479623824
0.923,0.0301297700116,0.00318809776833
0.924,0.0296800719517,0.00323624595469
0.925,0.0288127971219,0.00333333333333
0.926,0.0280097648722,0.00342857142857
0.927,0.0273673390723,0.00350877192982
0.928,0.0268212771425,0.0035799522673
0.929,0.0264358216626,0.00363196125908
0.93,0.0260503661827,0.0036855036855
0.931,0.0254400616729,0.00377358490566
0.932,0.0247655145831,0.00387596899225
0.933,0.0239946036233,0.00267022696929
0.934,0.0234485416934,0.00273224043716
0.935,0.0229988436336,0.00278551532033
0.936,0.0225170242837,0.0014245014245
0.937,0.0216176281639,0.00148367952522
0.938,0.0211358088141,0.00151745068285
0.939,0.0204612617243,0.00156739811912
0.94,0.0197867146345,0.00162074554295
0.941,0.0191764101246,0.00167224080268
0.942,0.0185339843248,0.00173010380623
0.943,0.017891558525,0.00179211469534
0.944,0.0174739817551,0.00183486238532
0.945,0.0168636772453,0.00190114068441
0.946,0.0162854940254,0.00196850393701
0.947,0.0159000385455,0.00201612903226
0.948,0.0153860979057,0.00208333333333
0.949,0.0149363998458,0.00214592274678
0.95,0.014197610176,0.00225733634312
0.951,0.0137157908262,0.00233644859813
0.952,0.0132982140563,0.00240963855422
0.953,0.0127200308364,0.00251889168766
0.954,0.0123024540666,0.00260416666667
0.955,0.0114994218168,0.00278551532033
0.956,0.0109854811769,0.00291545189504
0.957,0.0103109340871,0.00310559006211
0.958,0.00982911473725,0.00325732899023
0.959,0.0092830528074,0.00344827586207
0.96,0.00889759732751,0.00359712230216
0.961,0.00838365668765,0.00381679389313
0.962,0.00777335217782,0.00411522633745
0.963,0.00732365411795,0.00436681222707
0.964,0.00671334960812,0.0047619047619
0.965,0.00591031735835,0.00540540540541
0.966,0.00523577026853,0.00609756097561
0.967,0.00488243607863,0.00653594771242
0.968,0.00433637414879,0.00735294117647
0.969,0.00375819092895,0.00847457627119
0.97,0.00353334189901,0.00900900900901
0.971,0.00324425028909,0.00980392156863
0.972,0.00282667351921,0.0112359550562
0.973,0.00253758190929,0.0
0.974,0.0021521264294,0.0
0.975,0.00192727739946,0.0
0.976,0.0017987922395,0.0
0.977,0.00150970062958,0.0
0.978,0.00131697288963,0.0
0.979,0.0010600025697,0.0
0.98,0.000899396119748,0.0
0.981,0.000738789669793,0.0
0.982,0.000546061929847,0.0
0.983,0.000513940639856,0.0
0.984,0.00032121289991,0.0
0.985,0.000224849029937,0.0
0.986,0.000192727739946,0.0
0.987,0.000160606449955,0.0
0.988,9.6363869973e-05,0.0
0.989,9.6363869973e-05,0.0
